0,0,18
0,1,18
0,2,18
0,3,18
0,4,18
0,5,18
0,4,24
0,5,24
0,6,24
0,7,24
0,4,31
0,5,31
0,6,31
0,7,31
0,0,32
0,1,32
0,2,38
0,3,38
0,4,38
0,5,38
0,2,45
0,3,45
0,4,45
0,5,45
0,6,51
0,7,51
0,0,52
0,1,52
0,2,52
0,3,52
0,4,58
0,5,58
0,6,58
0,7,58
0,4,65
0,5,65
0,6,65
0,7,65
0,2,72
0,3,72
0,4,72
0,5,72
0,6,72
0,7,72
0,0,79
0,1,79
0,2,79
0,3,79
0,4,79
0,5,79
0,2,86
0,3,86
0,0,93
0,1,93
0,2,93
0,3,93
0,2,100
0,3,100
0,0,102
0,1,102
0,2,102
0,3,102
0,4,102
0,5,102
0,6,102
0,7,102
0,2,107
0,3,107
0,4,108
0,5,108
0,6,108
0,7,108
0,0,109
0,1,109
0,2,109
0,3,109
0,4,109
0,5,109
0,6,109
0,7,109
0,2,114
0,3,114
0,4,114
0,5,114
0,0,115
0,1,115
0,2,115
0,3,115
0,4,115
0,5,115
0,6,115
0,7,115
0,6,116
0,7,116
0,0,117
0,1,117
0,2,121
0,3,121
0,4,121
0,5,121
0,6,121
0,7,121
0,0,122
0,1,122
0,2,122
0,3,122
0,4,122
0,5,122
0,0,124
0,1,124
0,4,128
0,5,128
0,6,128
0,7,128
0,0,129
0,1,129
0,2,129
0,3,129
0,6,130
0,7,130
0,0,131
0,1,131
0,4,135
0,5,135
0,6,135
0,7,135
0,0,136
0,1,136
0,2,136
0,3,136
0,4,136
0,5,136
0,6,136
0,7,136
0,0,137
0,1,137
0,2,137
0,3,137
0,4,137
0,5,137
0,6,137
0,7,137
0,0,138
0,1,138
0,6,142
0,7,142
0,0,143
0,1,143
0,2,143
0,3,143
0,4,143
0,5,143
0,6,143
0,7,143
0,0,144
0,1,144
0,2,144
0,3,144
0,4,144
0,5,144
0,6,144
0,7,144
0,2,150
0,3,150
1,0,18
1,1,18
1,2,18
1,3,18
1,6,24
1,7,24
1,0,25
1,1,25
1,2,25
1,3,25
1,4,31
1,5,31
1,6,31
1,7,31
1,2,38
1,3,38
1,4,38
1,5,38
1,2,45
1,3,45
1,6,51
1,7,51
1,0,52
1,1,52
1,2,52
1,3,52
1,6,58
1,7,58
1,0,59
1,1,59
1,4,65
1,5,65
1,6,65
1,7,65
1,0,66
1,1,66
1,2,72
1,3,72
1,4,72
1,5,72
1,2,79
1,3,79
1,4,79
1,5,79
1,0,86
1,1,86
1,2,86
1,3,86
1,0,93
1,1,93
1,2,93
1,3,93
1,2,100
1,3,100
1,6,101
1,7,101
1,0,102
1,1,102
1,2,102
1,3,102
1,4,102
1,5,102
1,2,107
1,3,107
1,4,107
1,5,107
1,4,108
1,5,108
1,6,108
1,7,108
1,0,109
1,1,109
1,2,109
1,3,109
1,4,109
1,5,109
1,6,109
1,7,109
1,0,110
1,1,110
1,2,114
1,3,114
1,2,115
1,3,115
1,4,115
1,5,115
1,6,115
1,7,115
1,6,116
1,7,116
1,0,117
1,1,117
1,2,121
1,3,121
1,4,121
1,5,121
1,6,121
1,7,121
1,0,122
1,1,122
1,2,122
1,3,122
1,4,122
1,5,122
1,6,123
1,7,123
1,0,124
1,1,124
1,2,128
1,3,128
1,4,128
1,5,128
1,6,128
1,7,128
1,0,129
1,1,129
1,2,129
1,3,129
1,4,129
1,5,129
1,4,130
1,5,130
1,6,130
1,7,130
1,0,131
1,1,131
1,2,131
1,3,131
1,4,135
1,5,135
1,6,135
1,7,135
1,0,136
1,1,136
1,2,136
1,3,136
1,4,136
1,5,136
1,0,137
1,1,137
1,2,137
1,3,137
1,6,137
1,7,137
1,0,138
1,1,138
1,6,142
1,7,142
1,0,143
1,1,143
1,2,143
1,3,143
1,4,143
1,5,143
1,6,143
1,7,143
1,0,144
1,1,144
1,2,144
1,3,144
1,4,144
1,5,144
1,6,144
1,7,144
1,0,150
1,1,150
1,2,150
1,3,150
1,4,150
1,5,150
1,6,150
1,7,150
2,2,18
2,3,18
2,4,18
2,5,18
2,6,24
2,7,24
2,0,25
2,1,25
2,2,25
2,3,25
2,4,31
2,5,31
2,6,31
2,7,31
2,0,32
2,1,32
2,4,38
2,5,38
2,6,38
2,7,38
2,0,45
2,1,45
2,2,45
2,3,45
2,6,51
2,7,51
2,0,52
2,1,52
2,6,58
2,7,58
2,0,59
2,1,59
2,4,65
2,5,65
2,6,65
2,7,65
2,6,72
2,7,72
2,2,79
2,3,79
2,4,79
2,5,79
2,2,86
2,3,86
2,4,86
2,5,86
2,2,93
2,3,93
2,2,100
2,3,100
2,4,100
2,5,100
2,0,102
2,1,102
2,2,102
2,3,102
2,4,102
2,5,102
2,6,102
2,7,102
2,2,107
2,3,107
2,4,107
2,5,107
2,4,108
2,5,108
2,6,108
2,7,108
2,0,109
2,1,109
2,2,109
2,3,109
2,4,109
2,5,109
2,6,109
2,7,109
2,2,114
2,3,114
2,2,115
2,3,115
2,4,115
2,5,115
2,6,115
2,7,115
2,6,116
2,7,116
2,0,117
2,1,117
2,2,121
2,3,121
2,4,121
2,5,121
2,6,121
2,7,121
2,0,122
2,1,122
2,2,122
2,3,122
2,4,122
2,5,122
2,0,124
2,1,124
2,4,128
2,5,128
2,6,128
2,7,128
2,0,129
2,1,129
2,2,129
2,3,129
2,6,130
2,7,130
2,0,131
2,1,131
2,4,135
2,5,135
2,6,135
2,7,135
2,0,136
2,1,136
2,2,136
2,3,136
2,4,136
2,5,136
2,2,137
2,3,137
2,4,137
2,5,137
2,6,137
2,7,137
2,0,138
2,1,138
2,6,142
2,7,142
2,0,143
2,1,143
2,2,143
2,3,143
2,4,143
2,5,143
2,6,143
2,7,143
2,0,144
2,1,144
2,4,144
2,5,144
2,6,149
2,7,149
2,2,150
2,3,150
2,4,150
2,5,150
3,2,18
3,3,18
3,4,18
3,5,18
3,4,24
3,5,24
3,6,24
3,7,24
3,0,25
3,1,25
3,2,25
3,3,25
3,4,31
3,5,31
3,6,31
3,7,31
3,4,38
3,5,38
3,6,38
3,7,38
3,0,45
3,1,45
3,2,45
3,3,45
3,0,52
3,1,52
3,2,52
3,3,52
3,6,58
3,7,58
3,0,59
3,1,59
3,4,65
3,5,65
3,6,65
3,7,65
3,0,66
3,1,66
3,2,72
3,3,72
3,4,72
3,5,72
3,6,72
3,7,72
3,2,79
3,3,79
3,4,79
3,5,79
3,6,79
3,7,79
3,2,86
3,3,86
3,2,93
3,3,93
3,4,93
3,5,93
3,2,95
3,3,95
3,2,100
3,3,100
3,0,102
3,1,102
3,2,102
3,3,102
3,4,102
3,5,102
3,6,102
3,7,102
3,2,107
3,3,107
3,4,108
3,5,108
3,6,108
3,7,108
3,0,109
3,1,109
3,2,109
3,3,109
3,4,109
3,5,109
3,6,109
3,7,109
3,0,114
3,1,114
3,2,114
3,3,114
3,0,115
3,1,115
3,2,115
3,3,115
3,4,115
3,5,115
3,6,115
3,7,115
3,6,116
3,7,116
3,0,117
3,1,117
3,2,117
3,3,117
3,2,121
3,3,121
3,4,121
3,5,121
3,6,121
3,7,121
3,0,122
3,1,122
3,2,122
3,3,122
3,6,123
3,7,123
3,0,124
3,1,124
3,2,124
3,3,124
3,2,128
3,3,128
3,4,128
3,5,128
3,6,128
3,7,128
3,0,129
3,1,129
3,4,130
3,5,130
3,6,130
3,7,130
3,0,131
3,1,131
3,4,135
3,5,135
3,6,135
3,7,135
3,0,136
3,1,136
3,6,136
3,7,136
3,2,137
3,3,137
3,4,137
3,5,137
3,6,137
3,7,137
3,0,138
3,1,138
3,0,143
3,1,143
3,2,143
3,3,143
3,4,143
3,5,143
3,6,143
3,7,143
3,0,144
3,1,144
3,4,144
3,5,144
3,0,150
3,1,150
3,2,150
3,3,150
3,4,150
3,5,150
4,2,18
4,3,18
4,4,18
4,5,18
4,6,24
4,7,24
4,0,25
4,1,25
4,2,25
4,3,25
4,4,31
4,5,31
4,6,31
4,7,31
4,0,32
4,1,32
4,4,38
4,5,38
4,0,45
4,1,45
4,2,45
4,3,45
4,4,45
4,5,45
4,6,51
4,7,51
4,0,52
4,1,52
4,6,58
4,7,58
4,0,59
4,1,59
4,6,65
4,7,65
4,4,72
4,5,72
4,0,79
4,1,79
4,2,79
4,3,79
4,4,79
4,5,79
4,2,86
4,3,86
4,4,86
4,5,86
4,0,93
4,1,93
4,2,93
4,3,93
4,0,95
4,1,95
4,0,100
4,1,100
4,2,100
4,3,100
4,0,102
4,1,102
4,2,102
4,3,102
4,4,102
4,5,102
4,2,107
4,3,107
4,4,108
4,5,108
4,6,108
4,7,108
4,0,109
4,1,109
4,2,109
4,3,109
4,4,109
4,5,109
4,6,109
4,7,109
4,2,114
4,3,114
4,2,115
4,3,115
4,4,115
4,5,115
4,6,116
4,7,116
4,0,117
4,1,117
4,2,117
4,3,117
4,0,121
4,1,121
4,2,121
4,3,121
4,4,121
4,5,121
4,6,121
4,7,121
4,0,122
4,1,122
4,2,122
4,3,122
4,4,122
4,5,122
4,0,124
4,1,124
4,4,128
4,5,128
4,6,128
4,7,128
4,0,129
4,1,129
4,2,129
4,3,129
4,4,130
4,5,130
4,6,130
4,7,130
4,0,131
4,1,131
4,2,131
4,3,131
4,6,135
4,7,135
4,0,136
4,1,136
4,2,136
4,3,136
4,6,136
4,7,136
4,2,137
4,3,137
4,4,137
4,5,137
4,6,142
4,7,142
4,0,143
4,1,143
4,2,143
4,3,143
4,4,143
4,5,143
4,6,143
4,7,143
4,0,144
4,1,144
4,2,144
4,3,144
4,4,144
4,5,144
4,2,150
4,3,150
5,0,18
5,1,18
5,2,18
5,3,18
5,6,24
5,7,24
5,2,25
5,3,25
5,4,25
5,5,25
5,4,31
5,5,31
5,6,31
5,7,31
5,0,32
5,1,32
5,4,38
5,5,38
5,6,44
5,7,44
5,0,45
5,1,45
5,2,45
5,3,45
5,6,51
5,7,51
5,0,52
5,1,52
5,2,52
5,3,52
5,4,58
5,5,58
5,6,58
5,7,58
5,0,59
5,1,59
5,4,65
5,5,65
5,6,65
5,7,65
5,0,72
5,1,72
5,2,72
5,3,72
5,4,72
5,5,72
5,6,72
5,7,72
5,2,79
5,3,79
5,4,79
5,5,79
5,2,86
5,3,86
5,0,93
5,1,93
5,2,93
5,3,93
5,4,93
5,5,93
5,2,100
5,3,100
5,4,101
5,5,101
5,0,102
5,1,102
5,2,102
5,3,102
5,4,102
5,5,102
5,2,107
5,3,107
5,4,107
5,5,107
5,6,108
5,7,108
5,0,109
5,1,109
5,2,109
5,3,109
5,4,109
5,5,109
5,6,109
5,7,109
5,0,110
5,1,110
5,2,114
5,3,114
5,0,115
5,1,115
5,2,115
5,3,115
5,4,115
5,5,115
5,6,115
5,7,115
5,0,116
5,1,116
5,6,116
5,7,116
5,0,117
5,1,117
5,4,121
5,5,121
5,6,121
5,7,121
5,0,122
5,1,122
5,2,122
5,3,122
5,6,123
5,7,123
5,0,124
5,1,124
5,4,128
5,5,128
5,6,128
5,7,128
5,2,129
5,3,129
5,6,130
5,7,130
5,0,131
5,1,131
5,2,131
5,3,131
5,6,135
5,7,135
5,0,136
5,1,136
5,2,136
5,3,136
5,4,136
5,5,136
5,2,137
5,3,137
5,4,137
5,5,137
5,6,137
5,7,137
5,0,138
5,1,138
5,6,142
5,7,142
5,0,143
5,1,143
5,2,143
5,3,143
5,4,143
5,5,143
5,6,143
5,7,143
5,0,144
5,1,144
5,2,144
5,3,144
5,4,144
5,5,144
5,6,144
5,7,144
5,6,149
5,7,149
5,0,150
5,1,150
5,2,150
5,3,150
5,6,150
5,7,150
6,2,18
6,3,18
6,4,18
6,5,18
6,4,24
6,5,24
6,6,24
6,7,24
6,4,31
6,5,31
6,6,31
6,7,31
6,4,38
6,5,38
6,0,45
6,1,45
6,2,45
6,3,45
6,0,52
6,1,52
6,2,52
6,3,52
6,6,58
6,7,58
6,0,59
6,1,59
6,4,65
6,5,65
6,6,65
6,7,65
6,4,72
6,5,72
6,2,79
6,3,79
6,4,79
6,5,79
6,2,86
6,3,86
6,4,86
6,5,86
6,0,93
6,1,93
6,2,93
6,3,93
6,4,93
6,5,93
6,2,100
6,3,100
6,4,100
6,5,100
6,6,101
6,7,101
6,0,102
6,1,102
6,2,102
6,3,102
6,4,102
6,5,102
6,6,102
6,7,102
6,0,107
6,1,107
6,2,107
6,3,107
6,4,108
6,5,108
6,6,108
6,7,108
6,0,109
6,1,109
6,2,109
6,3,109
6,4,109
6,5,109
6,6,109
6,7,109
6,0,110
6,1,110
6,2,114
6,3,114
6,2,115
6,3,115
6,4,115
6,5,115
6,0,117
6,1,117
6,2,121
6,3,121
6,4,121
6,5,121
6,6,121
6,7,121
6,0,122
6,1,122
6,2,122
6,3,122
6,0,124
6,1,124
6,2,128
6,3,128
6,4,128
6,5,128
6,0,129
6,1,129
6,2,129
6,3,129
6,4,130
6,5,130
6,0,131
6,1,131
6,4,135
6,5,135
6,6,135
6,7,135
6,0,136
6,1,136
6,4,136
6,5,136
6,6,136
6,7,136
6,0,137
6,1,137
6,2,137
6,3,137
6,4,137
6,5,137
6,6,137
6,7,137
6,0,138
6,1,138
6,6,142
6,7,142
6,0,143
6,1,143
6,2,143
6,3,143
6,4,143
6,5,143
6,6,143
6,7,143
6,0,144
6,1,144
6,2,144
6,3,144
6,6,144
6,7,144
6,0,150
6,1,150
6,2,150
6,3,150
7,2,18
7,3,18
7,4,18
7,5,18
7,4,24
7,5,24
7,6,24
7,7,24
7,0,25
7,1,25
7,4,31
7,5,31
7,6,31
7,7,31
7,2,38
7,3,38
7,0,45
7,1,45
7,2,45
7,3,45
7,6,51
7,7,51
7,0,52
7,1,52
7,2,52
7,3,52
7,6,58
7,7,58
7,0,59
7,1,59
7,4,65
7,5,65
7,6,65
7,7,65
7,4,72
7,5,72
7,6,72
7,7,72
7,2,79
7,3,79
7,4,79
7,5,79
7,2,86
7,3,86
7,4,86
7,5,86
7,0,93
7,1,93
7,2,93
7,3,93
7,4,93
7,5,93
7,0,100
7,1,100
7,2,100
7,3,100
7,6,101
7,7,101
7,0,102
7,1,102
7,2,102
7,3,102
7,4,102
7,5,102
7,6,102
7,7,102
7,2,107
7,3,107
7,4,107
7,5,107
7,4,108
7,5,108
7,6,108
7,7,108
7,0,109
7,1,109
7,2,109
7,3,109
7,4,109
7,5,109
7,6,109
7,7,109
7,0,110
7,1,110
7,2,114
7,3,114
7,4,114
7,5,114
7,2,115
7,3,115
7,4,115
7,5,115
7,6,116
7,7,116
7,0,117
7,1,117
7,2,121
7,3,121
7,4,121
7,5,121
7,6,121
7,7,121
7,0,122
7,1,122
7,2,122
7,3,122
7,6,123
7,7,123
7,0,124
7,1,124
7,2,128
7,3,128
7,4,128
7,5,128
7,6,128
7,7,128
7,0,129
7,1,129
7,4,130
7,5,130
7,0,131
7,1,131
7,2,131
7,3,131
7,4,135
7,5,135
7,6,135
7,7,135
7,0,136
7,1,136
7,2,136
7,3,136
7,4,136
7,5,136
7,6,136
7,7,136
7,0,137
7,1,137
7,2,137
7,3,137
7,4,137
7,5,137
7,6,137
7,7,137
7,0,138
7,1,138
7,0,143
7,1,143
7,2,143
7,3,143
7,4,143
7,5,143
7,6,143
7,7,143
7,0,144
7,1,144
7,2,144
7,3,144
7,6,149
7,7,149
7,0,150
7,1,150
7,2,150
7,3,150
7,4,150
7,5,150
8,0,18
8,1,18
8,2,18
8,3,18
8,4,18
8,5,18
8,6,24
8,7,24
8,0,25
8,1,25
8,4,31
8,5,31
8,6,31
8,7,31
8,0,38
8,1,38
8,2,38
8,3,38
8,4,38
8,5,38
8,6,38
8,7,38
8,0,45
8,1,45
8,2,45
8,3,45
8,6,51
8,7,51
8,0,52
8,1,52
8,6,58
8,7,58
8,0,59
8,1,59
8,4,65
8,5,65
8,6,65
8,7,65
8,2,72
8,3,72
8,4,72
8,5,72
8,2,79
8,3,79
8,4,79
8,5,79
8,0,86
8,1,86
8,2,86
8,3,86
8,2,93
8,3,93
8,2,95
8,3,95
8,0,100
8,1,100
8,2,100
8,3,100
8,4,100
8,5,100
8,6,101
8,7,101
8,0,102
8,1,102
8,2,102
8,3,102
8,4,102
8,5,102
8,6,102
8,7,102
8,2,107
8,3,107
8,4,108
8,5,108
8,6,108
8,7,108
8,0,109
8,1,109
8,2,109
8,3,109
8,4,109
8,5,109
8,6,109
8,7,109
8,0,110
8,1,110
8,2,114
8,3,114
8,4,114
8,5,114
8,0,115
8,1,115
8,2,115
8,3,115
8,4,115
8,5,115
8,6,116
8,7,116
8,0,117
8,1,117
8,2,117
8,3,117
8,2,121
8,3,121
8,4,121
8,5,121
8,6,121
8,7,121
8,0,122
8,1,122
8,2,122
8,3,122
8,6,123
8,7,123
8,0,124
8,1,124
8,2,124
8,3,124
8,4,128
8,5,128
8,6,128
8,7,128
8,0,129
8,1,129
8,2,129
8,3,129
8,6,130
8,7,130
8,0,131
8,1,131
8,4,135
8,5,135
8,6,135
8,7,135
8,0,136
8,1,136
8,2,136
8,3,136
8,4,136
8,5,136
8,0,137
8,1,137
8,2,137
8,3,137
8,4,137
8,5,137
8,6,137
8,7,137
8,0,138
8,1,138
8,6,142
8,7,142
8,0,143
8,1,143
8,2,143
8,3,143
8,4,143
8,5,143
8,6,143
8,7,143
8,0,144
8,1,144
8,2,144
8,3,144
8,4,144
8,5,144
8,0,150
8,1,150
8,2,150
8,3,150
8,6,150
8,7,150
9,0,18
9,1,18
9,2,18
9,3,18
9,4,18
9,5,18
9,4,24
9,5,24
9,6,24
9,7,24
9,0,25
9,1,25
9,2,25
9,3,25
9,4,31
9,5,31
9,6,31
9,7,31
9,0,32
9,1,32
9,2,38
9,3,38
9,4,38
9,5,38
9,0,45
9,1,45
9,2,45
9,3,45
9,4,45
9,5,45
9,0,52
9,1,52
9,2,52
9,3,52
9,4,58
9,5,58
9,6,58
9,7,58
9,6,65
9,7,65
9,0,66
9,1,66
9,2,72
9,3,72
9,4,72
9,5,72
9,6,72
9,7,72
9,2,79
9,3,79
9,4,79
9,5,79
9,2,86
9,3,86
9,2,93
9,3,93
9,4,93
9,5,93
9,0,100
9,1,100
9,2,100
9,3,100
9,2,102
9,3,102
9,4,102
9,5,102
9,2,107
9,3,107
9,4,108
9,5,108
9,6,108
9,7,108
9,0,109
9,1,109
9,2,109
9,3,109
9,4,109
9,5,109
9,6,109
9,7,109
9,2,114
9,3,114
9,4,114
9,5,114
9,2,115
9,3,115
9,4,115
9,5,115
9,6,115
9,7,115
9,6,116
9,7,116
9,0,117
9,1,117
9,4,121
9,5,121
9,6,121
9,7,121
9,0,122
9,1,122
9,2,122
9,3,122
9,6,123
9,7,123
9,0,124
9,1,124
9,2,128
9,3,128
9,4,128
9,5,128
9,6,128
9,7,128
9,0,129
9,1,129
9,2,129
9,3,129
9,4,129
9,5,129
9,6,130
9,7,130
9,0,131
9,1,131
9,6,135
9,7,135
9,0,136
9,1,136
9,6,136
9,7,136
9,0,137
9,1,137
9,2,137
9,3,137
9,4,137
9,5,137
9,6,137
9,7,137
9,0,138
9,1,138
9,6,142
9,7,142
9,0,143
9,1,143
9,2,143
9,3,143
9,4,143
9,5,143
9,6,143
9,7,143
9,0,144
9,1,144
9,2,144
9,3,144
9,4,144
9,5,144
9,6,144
9,7,144
9,2,150
9,3,150
9,4,150
9,5,150
9,0,151
9,1,151
10,2,18
10,3,18
10,4,18
10,5,18
10,4,24
10,5,24
10,6,24
10,7,24
10,4,25
10,5,25
10,4,31
10,5,31
10,6,31
10,7,31
10,2,38
10,3,38
10,4,38
10,5,38
10,6,38
10,7,38
10,6,44
10,7,44
10,2,45
10,3,45
10,0,52
10,1,52
10,2,52
10,3,52
10,6,58
10,7,58
10,4,65
10,5,65
10,6,65
10,7,65
10,0,66
10,1,66
10,2,72
10,3,72
10,4,72
10,5,72
10,2,79
10,3,79
10,4,79
10,5,79
10,0,86
10,1,86
10,2,86
10,3,86
10,0,93
10,1,93
10,2,93
10,3,93
10,0,100
10,1,100
10,2,100
10,3,100
10,4,100
10,5,100
10,0,102
10,1,102
10,2,102
10,3,102
10,4,102
10,5,102
10,2,107
10,3,107
10,2,108
10,3,108
10,4,108
10,5,108
10,6,108
10,7,108
10,0,109
10,1,109
10,2,109
10,3,109
10,4,109
10,5,109
10,6,109
10,7,109
10,2,114
10,3,114
10,4,114
10,5,114
10,2,115
10,3,115
10,4,115
10,5,115
10,6,115
10,7,115
10,6,116
10,7,116
10,0,117
10,1,117
10,2,121
10,3,121
10,4,121
10,5,121
10,6,121
10,7,121
10,0,122
10,1,122
10,2,122
10,3,122
10,0,124
10,1,124
10,4,128
10,5,128
10,6,128
10,7,128
10,0,129
10,1,129
10,4,130
10,5,130
10,0,131
10,1,131
10,4,135
10,5,135
10,6,135
10,7,135
10,0,136
10,1,136
10,2,136
10,3,136
10,4,136
10,5,136
10,6,136
10,7,136
10,2,137
10,3,137
10,4,137
10,5,137
10,6,137
10,7,137
10,0,138
10,1,138
10,6,142
10,7,142
10,0,143
10,1,143
10,2,143
10,3,143
10,4,143
10,5,143
10,6,143
10,7,143
10,0,144
10,1,144
10,2,144
10,3,144
10,4,144
10,5,144
10,4,150
10,5,150
11,0,18
11,1,18
11,2,18
11,3,18
11,4,18
11,5,18
11,6,24
11,7,24
11,2,25
11,3,25
11,4,31
11,5,31
11,6,31
11,7,31
11,4,38
11,5,38
11,0,45
11,1,45
11,2,45
11,3,45
11,6,51
11,7,51
11,0,52
11,1,52
11,4,58
11,5,58
11,6,58
11,7,58
11,0,59
11,1,59
11,4,65
11,5,65
11,6,65
11,7,65
11,2,72
11,3,72
11,4,72
11,5,72
11,0,79
11,1,79
11,2,79
11,3,79
11,4,79
11,5,79
11,0,86
11,1,86
11,2,86
11,3,86
11,2,93
11,3,93
11,4,93
11,5,93
11,2,100
11,3,100
11,0,102
11,1,102
11,2,102
11,3,102
11,4,102
11,5,102
11,6,102
11,7,102
11,2,107
11,3,107
11,6,108
11,7,108
11,0,109
11,1,109
11,2,109
11,3,109
11,4,109
11,5,109
11,6,109
11,7,109
11,0,110
11,1,110
11,2,114
11,3,114
11,4,114
11,5,114
11,2,115
11,3,115
11,4,115
11,5,115
11,6,116
11,7,116
11,0,117
11,1,117
11,2,117
11,3,117
11,2,121
11,3,121
11,4,121
11,5,121
11,6,121
11,7,121
11,0,122
11,1,122
11,2,122
11,3,122
11,0,124
11,1,124
11,4,128
11,5,128
11,6,128
11,7,128
11,0,129
11,1,129
11,2,129
11,3,129
11,6,130
11,7,130
11,0,131
11,1,131
11,2,131
11,3,131
11,6,135
11,7,135
11,0,136
11,1,136
11,2,136
11,3,136
11,4,136
11,5,136
11,0,137
11,1,137
11,2,137
11,3,137
11,4,137
11,5,137
11,6,137
11,7,137
11,0,138
11,1,138
11,6,142
11,7,142
11,2,143
11,3,143
11,4,143
11,5,143
11,6,143
11,7,143
11,0,144
11,1,144
11,2,144
11,3,144
11,4,144
11,5,144
11,2,150
11,3,150
12,6,17
12,7,17
12,2,18
12,3,18
12,4,18
12,5,18
12,4,24
12,5,24
12,6,24
12,7,24
12,0,25
12,1,25
12,4,31
12,5,31
12,6,31
12,7,31
12,0,38
12,1,38
12,2,38
12,3,38
12,4,38
12,5,38
12,0,45
12,1,45
12,2,45
12,3,45
12,6,51
12,7,51
12,0,52
12,1,52
12,2,52
12,3,52
12,4,58
12,5,58
12,6,58
12,7,58
12,0,59
12,1,59
12,4,65
12,5,65
12,6,65
12,7,65
12,0,66
12,1,66
12,4,72
12,5,72
12,6,72
12,7,72
12,2,79
12,3,79
12,4,79
12,5,79
12,2,86
12,3,86
12,4,86
12,5,86
12,2,93
12,3,93
12,0,100
12,1,100
12,2,100
12,3,100
12,4,100
12,5,100
12,6,101
12,7,101
12,0,102
12,1,102
12,2,102
12,3,102
12,4,102
12,5,102
12,2,107
12,3,107
12,4,108
12,5,108
12,6,108
12,7,108
12,0,109
12,1,109
12,2,109
12,3,109
12,4,109
12,5,109
12,6,109
12,7,109
12,0,114
12,1,114
12,2,114
12,3,114
12,4,114
12,5,114
12,2,115
12,3,115
12,4,115
12,5,115
12,6,116
12,7,116
12,0,117
12,1,117
12,2,121
12,3,121
12,4,121
12,5,121
12,6,121
12,7,121
12,0,122
12,1,122
12,2,122
12,3,122
12,4,122
12,5,122
12,6,123
12,7,123
12,0,124
12,1,124
12,4,128
12,5,128
12,6,128
12,7,128
12,0,129
12,1,129
12,2,129
12,3,129
12,4,129
12,5,129
12,4,130
12,5,130
12,6,130
12,7,130
12,0,131
12,1,131
12,4,135
12,5,135
12,6,135
12,7,135
12,0,136
12,1,136
12,2,136
12,3,136
12,4,136
12,5,136
12,6,136
12,7,136
12,0,137
12,1,137
12,2,137
12,3,137
12,4,137
12,5,137
12,0,138
12,1,138
12,4,142
12,5,142
12,6,142
12,7,142
12,0,143
12,1,143
12,2,143
12,3,143
12,4,143
12,5,143
12,6,143
12,7,143
12,0,144
12,1,144
12,2,144
12,3,144
12,4,144
12,5,144
12,6,144
12,7,144
12,2,150
12,3,150
13,6,17
13,7,17
13,2,18
13,3,18
13,4,18
13,5,18
13,6,24
13,7,24
13,0,25
13,1,25
13,2,25
13,3,25
13,4,31
13,5,31
13,6,31
13,7,31
13,2,38
13,3,38
13,4,38
13,5,38
13,0,45
13,1,45
13,2,45
13,3,45
13,4,45
13,5,45
13,6,51
13,7,51
13,2,52
13,3,52
13,6,58
13,7,58
13,4,65
13,5,65
13,6,65
13,7,65
13,4,72
13,5,72
13,2,79
13,3,79
13,4,79
13,5,79
13,6,79
13,7,79
13,2,86
13,3,86
13,2,93
13,3,93
13,0,100
13,1,100
13,2,100
13,3,100
13,6,101
13,7,101
13,0,102
13,1,102
13,2,102
13,3,102
13,4,102
13,5,102
13,6,102
13,7,102
13,0,107
13,1,107
13,2,107
13,3,107
13,4,108
13,5,108
13,6,108
13,7,108
13,0,109
13,1,109
13,2,109
13,3,109
13,4,109
13,5,109
13,6,109
13,7,109
13,2,114
13,3,114
13,4,114
13,5,114
13,2,115
13,3,115
13,4,115
13,5,115
13,6,116
13,7,116
13,0,117
13,1,117
13,2,117
13,3,117
13,2,121
13,3,121
13,4,121
13,5,121
13,6,121
13,7,121
13,0,122
13,1,122
13,2,122
13,3,122
13,4,122
13,5,122
13,6,123
13,7,123
13,0,124
13,1,124
13,4,128
13,5,128
13,6,128
13,7,128
13,0,129
13,1,129
13,2,129
13,3,129
13,6,130
13,7,130
13,0,131
13,1,131
13,4,135
13,5,135
13,6,135
13,7,135
13,0,136
13,1,136
13,2,136
13,3,136
13,4,136
13,5,136
13,6,136
13,7,136
13,0,137
13,1,137
13,2,137
13,3,137
13,4,137
13,5,137
13,6,137
13,7,137
13,0,138
13,1,138
13,0,143
13,1,143
13,2,143
13,3,143
13,4,143
13,5,143
13,6,143
13,7,143
13,0,144
13,1,144
13,2,144
13,3,144
13,2,150
13,3,150
13,4,150
13,5,150
13,2,151
13,3,151
14,0,18
14,1,18
14,2,18
14,3,18
14,4,18
14,5,18
14,4,24
14,5,24
14,6,24
14,7,24
14,0,25
14,1,25
14,2,25
14,3,25
14,4,31
14,5,31
14,6,31
14,7,31
14,0,32
14,1,32
14,2,38
14,3,38
14,4,38
14,5,38
14,0,45
14,1,45
14,2,45
14,3,45
14,4,45
14,5,45
14,6,51
14,7,51
14,0,52
14,1,52
14,2,52
14,3,52
14,6,58
14,7,58
14,0,59
14,1,59
14,4,65
14,5,65
14,6,65
14,7,65
14,4,72
14,5,72
14,2,79
14,3,79
14,4,79
14,5,79
14,0,86
14,1,86
14,2,86
14,3,86
14,4,86
14,5,86
14,0,93
14,1,93
14,2,93
14,3,93
14,4,95
14,5,95
14,0,100
14,1,100
14,2,100
14,3,100
14,0,102
14,1,102
14,2,102
14,3,102
14,4,102
14,5,102
14,2,107
14,3,107
14,4,107
14,5,107
14,4,108
14,5,108
14,6,108
14,7,108
14,0,109
14,1,109
14,2,109
14,3,109
14,4,109
14,5,109
14,6,109
14,7,109
14,2,114
14,3,114
14,4,114
14,5,114
14,0,115
14,1,115
14,2,115
14,3,115
14,4,115
14,5,115
14,6,115
14,7,115
14,6,116
14,7,116
14,0,117
14,1,117
14,2,121
14,3,121
14,4,121
14,5,121
14,6,121
14,7,121
14,0,122
14,1,122
14,2,122
14,3,122
14,6,123
14,7,123
14,0,124
14,1,124
14,4,128
14,5,128
14,6,128
14,7,128
14,0,129
14,1,129
14,2,129
14,3,129
14,6,130
14,7,130
14,0,131
14,1,131
14,2,131
14,3,131
14,4,135
14,5,135
14,6,135
14,7,135
14,0,136
14,1,136
14,2,136
14,3,136
14,4,136
14,5,136
14,6,136
14,7,136
14,2,137
14,3,137
14,4,137
14,5,137
14,6,137
14,7,137
14,0,138
14,1,138
14,0,143
14,1,143
14,2,143
14,3,143
14,4,143
14,5,143
14,6,143
14,7,143
14,0,144
14,1,144
14,2,144
14,3,144
14,6,144
14,7,144
15,6,17
15,7,17
15,2,18
15,3,18
15,4,18
15,5,18
15,6,24
15,7,24
15,0,25
15,1,25
15,2,25
15,3,25
15,4,31
15,5,31
15,6,31
15,7,31
15,2,38
15,3,38
15,4,38
15,5,38
15,6,38
15,7,38
15,0,45
15,1,45
15,2,45
15,3,45
15,4,45
15,5,45
15,6,51
15,7,51
15,0,52
15,1,52
15,2,52
15,3,52
15,6,58
15,7,58
15,0,59
15,1,59
15,4,65
15,5,65
15,6,65
15,7,65
15,4,72
15,5,72
15,6,72
15,7,72
15,2,79
15,3,79
15,4,79
15,5,79
15,6,79
15,7,79
15,2,86
15,3,86
15,0,93
15,1,93
15,2,93
15,3,93
15,4,93
15,5,93
15,4,95
15,5,95
15,0,100
15,1,100
15,2,100
15,3,100
15,6,101
15,7,101
15,0,102
15,1,102
15,2,102
15,3,102
15,4,102
15,5,102
15,6,102
15,7,102
15,2,107
15,3,107
15,4,107
15,5,107
15,4,108
15,5,108
15,6,108
15,7,108
15,0,109
15,1,109
15,2,109
15,3,109
15,4,109
15,5,109
15,6,109
15,7,109
15,2,114
15,3,114
15,0,115
15,1,115
15,2,115
15,3,115
15,4,115
15,5,115
15,6,115
15,7,115
15,6,116
15,7,116
15,0,117
15,1,117
15,2,117
15,3,117
15,2,121
15,3,121
15,4,121
15,5,121
15,6,121
15,7,121
15,0,122
15,1,122
15,6,123
15,7,123
15,0,124
15,1,124
15,2,124
15,3,124
15,4,128
15,5,128
15,6,128
15,7,128
15,0,129
15,1,129
15,2,129
15,3,129
15,0,131
15,1,131
15,2,131
15,3,131
15,4,135
15,5,135
15,6,135
15,7,135
15,0,136
15,1,136
15,2,136
15,3,136
15,4,136
15,5,136
15,0,137
15,1,137
15,2,137
15,3,137
15,4,137
15,5,137
15,6,137
15,7,137
15,4,142
15,5,142
15,6,142
15,7,142
15,0,143
15,1,143
15,2,143
15,3,143
15,4,143
15,5,143
15,6,143
15,7,143
15,0,144
15,1,144
15,2,144
15,3,144
15,4,144
15,5,144
15,2,150
15,3,150
15,4,150
15,5,150
16,2,18
16,3,18
16,4,18
16,5,18
16,6,24
16,7,24
16,0,25
16,1,25
16,4,25
16,5,25
16,4,31
16,5,31
16,6,31
16,7,31
16,0,32
16,1,32
16,2,38
16,3,38
16,4,38
16,5,38
16,6,44
16,7,44
16,0,45
16,1,45
16,2,45
16,3,45
16,6,51
16,7,51
16,0,52
16,1,52
16,2,52
16,3,52
16,4,58
16,5,58
16,6,58
16,7,58
16,4,65
16,5,65
16,6,65
16,7,65
16,4,72
16,5,72
16,0,79
16,1,79
16,2,79
16,3,79
16,4,79
16,5,79
16,2,86
16,3,86
16,4,86
16,5,86
16,2,93
16,3,93
16,4,95
16,5,95
16,2,100
16,3,100
16,0,102
16,1,102
16,2,102
16,3,102
16,4,102
16,5,102
16,6,102
16,7,102
16,2,107
16,3,107
16,4,107
16,5,107
16,4,108
16,5,108
16,6,108
16,7,108
16,0,109
16,1,109
16,2,109
16,3,109
16,4,109
16,5,109
16,6,109
16,7,109
16,0,114
16,1,114
16,2,114
16,3,114
16,4,114
16,5,114
16,0,115
16,1,115
16,2,115
16,3,115
16,4,115
16,5,115
16,6,116
16,7,116
16,0,117
16,1,117
16,4,121
16,5,121
16,6,121
16,7,121
16,0,122
16,1,122
16,2,122
16,3,122
16,6,123
16,7,123
16,0,124
16,1,124
16,4,128
16,5,128
16,6,128
16,7,128
16,0,129
16,1,129
16,6,130
16,7,130
16,0,131
16,1,131
16,2,131
16,3,131
16,6,135
16,7,135
16,0,136
16,1,136
16,2,136
16,3,136
16,4,136
16,5,136
16,0,137
16,1,137
16,4,137
16,5,137
16,6,137
16,7,137
16,0,138
16,1,138
16,6,142
16,7,142
16,0,143
16,1,143
16,2,143
16,3,143
16,4,143
16,5,143
16,6,143
16,7,143
16,0,144
16,1,144
16,2,144
16,3,144
16,4,144
16,5,144
16,0,150
16,1,150
16,2,150
16,3,150
17,0,18
17,1,18
17,2,18
17,3,18
17,4,18
17,5,18
17,6,24
17,7,24
17,0,25
17,1,25
17,2,25
17,3,25
17,4,31
17,5,31
17,6,31
17,7,31
17,2,38
17,3,38
17,4,38
17,5,38
17,2,45
17,3,45
17,6,51
17,7,51
17,0,52
17,1,52
17,6,58
17,7,58
17,0,59
17,1,59
17,6,65
17,7,65
17,2,72
17,3,72
17,4,72
17,5,72
17,2,79
17,3,79
17,4,79
17,5,79
17,2,86
17,3,86
17,4,86
17,5,86
17,0,93
17,1,93
17,2,93
17,3,93
17,4,93
17,5,93
17,4,95
17,5,95
17,2,100
17,3,100
17,4,100
17,5,100
17,6,101
17,7,101
17,0,102
17,1,102
17,2,102
17,3,102
17,4,102
17,5,102
17,6,102
17,7,102
17,2,107
17,3,107
17,4,107
17,5,107
17,4,108
17,5,108
17,6,108
17,7,108
17,0,109
17,1,109
17,4,109
17,5,109
17,6,109
17,7,109
17,0,110
17,1,110
17,2,114
17,3,114
17,4,114
17,5,114
17,0,115
17,1,115
17,2,115
17,3,115
17,4,115
17,5,115
17,6,116
17,7,116
17,0,117
17,1,117
17,2,121
17,3,121
17,4,121
17,5,121
17,6,121
17,7,121
17,0,122
17,1,122
17,2,122
17,3,122
17,6,123
17,7,123
17,0,124
17,1,124
17,4,128
17,5,128
17,6,128
17,7,128
17,0,129
17,1,129
17,2,129
17,3,129
17,4,130
17,5,130
17,6,130
17,7,130
17,0,131
17,1,131
17,2,131
17,3,131
17,6,135
17,7,135
17,0,136
17,1,136
17,2,136
17,3,136
17,4,136
17,5,136
17,0,137
17,1,137
17,2,137
17,3,137
17,4,137
17,5,137
17,6,137
17,7,137
17,0,138
17,1,138
17,6,142
17,7,142
17,0,143
17,1,143
17,2,143
17,3,143
17,4,143
17,5,143
17,6,143
17,7,143
17,0,144
17,1,144
17,2,144
17,3,144
17,4,144
17,5,144
17,2,150
17,3,150
17,4,150
17,5,150
18,2,18
18,3,18
18,6,24
18,7,24
18,0,25
18,1,25
18,2,25
18,3,25
18,4,31
18,5,31
18,6,31
18,7,31
18,0,32
18,1,32
18,2,38
18,3,38
18,4,38
18,5,38
18,0,45
18,1,45
18,2,45
18,3,45
18,4,45
18,5,45
18,0,52
18,1,52
18,2,52
18,3,52
18,6,58
18,7,58
18,0,59
18,1,59
18,4,65
18,5,65
18,6,65
18,7,65
18,2,72
18,3,72
18,4,72
18,5,72
18,6,72
18,7,72
18,0,79
18,1,79
18,2,79
18,3,79
18,4,79
18,5,79
18,2,86
18,3,86
18,4,86
18,5,86
18,0,93
18,1,93
18,2,93
18,3,93
18,2,100
18,3,100
18,6,101
18,7,101
18,0,102
18,1,102
18,2,102
18,3,102
18,4,102
18,5,102
18,6,102
18,7,102
18,0,107
18,1,107
18,2,107
18,3,107
18,4,107
18,5,107
18,4,108
18,5,108
18,6,108
18,7,108
18,0,109
18,1,109
18,2,109
18,3,109
18,4,109
18,5,109
18,6,109
18,7,109
18,0,110
18,1,110
18,2,114
18,3,114
18,4,114
18,5,114
18,2,115
18,3,115
18,4,115
18,5,115
18,6,116
18,7,116
18,0,117
18,1,117
18,2,121
18,3,121
18,4,121
18,5,121
18,0,122
18,1,122
18,2,122
18,3,122
18,6,123
18,7,123
18,0,124
18,1,124
18,4,128
18,5,128
18,6,128
18,7,128
18,0,129
18,1,129
18,2,129
18,3,129
18,4,130
18,5,130
18,0,131
18,1,131
18,2,131
18,3,131
18,4,135
18,5,135
18,6,135
18,7,135
18,0,136
18,1,136
18,2,136
18,3,136
18,6,136
18,7,136
18,0,137
18,1,137
18,2,137
18,3,137
18,4,137
18,5,137
18,6,137
18,7,137
18,4,142
18,5,142
18,6,142
18,7,142
18,0,143
18,1,143
18,2,143
18,3,143
18,4,143
18,5,143
18,6,143
18,7,143
18,0,144
18,1,144
18,2,144
18,3,144
18,4,144
18,5,144
18,2,150
18,3,150
19,2,18
19,3,18
19,6,24
19,7,24
19,2,25
19,3,25
19,4,25
19,5,25
19,4,31
19,5,31
19,6,31
19,7,31
19,2,38
19,3,38
19,4,38
19,5,38
19,6,44
19,7,44
19,2,45
19,3,45
19,6,51
19,7,51
19,0,52
19,1,52
19,2,52
19,3,52
19,6,58
19,7,58
19,4,65
19,5,65
19,2,72
19,3,72
19,4,72
19,5,72
19,2,79
19,3,79
19,4,79
19,5,79
19,2,86
19,3,86
19,4,86
19,5,86
19,0,93
19,1,93
19,2,93
19,3,93
19,4,93
19,5,93
19,2,100
19,3,100
19,6,101
19,7,101
19,0,102
19,1,102
19,2,102
19,3,102
19,4,102
19,5,102
19,6,102
19,7,102
19,2,107
19,3,107
19,4,107
19,5,107
19,6,108
19,7,108
19,0,109
19,1,109
19,2,109
19,3,109
19,4,109
19,5,109
19,6,109
19,7,109
19,0,110
19,1,110
19,2,114
19,3,114
19,4,114
19,5,114
19,2,115
19,3,115
19,4,115
19,5,115
19,6,116
19,7,116
19,0,117
19,1,117
19,2,121
19,3,121
19,4,121
19,5,121
19,6,121
19,7,121
19,0,122
19,1,122
19,2,122
19,3,122
19,6,123
19,7,123
19,0,124
19,1,124
19,2,128
19,3,128
19,4,128
19,5,128
19,6,128
19,7,128
19,0,129
19,1,129
19,2,129
19,3,129
19,0,131
19,1,131
19,2,131
19,3,131
19,6,135
19,7,135
19,0,136
19,1,136
19,2,136
19,3,136
19,4,136
19,5,136
19,2,137
19,3,137
19,4,137
19,5,137
19,6,137
19,7,137
19,0,143
19,1,143
19,2,143
19,3,143
19,4,143
19,5,143
19,6,143
19,7,143
19,0,144
19,1,144
19,2,144
19,3,144
19,0,150
19,1,150
19,2,150
19,3,150
20,2,18
20,3,18
20,4,18
20,5,18
20,6,24
20,7,24
20,4,31
20,5,31
20,6,31
20,7,31
20,0,38
20,1,38
20,2,38
20,3,38
20,4,38
20,5,38
20,0,45
20,1,45
20,2,45
20,3,45
20,4,45
20,5,45
20,0,52
20,1,52
20,4,58
20,5,58
20,6,58
20,7,58
20,0,59
20,1,59
20,4,65
20,5,65
20,0,66
20,1,66
20,4,72
20,5,72
20,2,79
20,3,79
20,4,79
20,5,79
20,2,86
20,3,86
20,2,93
20,3,93
20,2,100
20,3,100
20,2,102
20,3,102
20,4,102
20,5,102
20,0,107
20,1,107
20,2,107
20,3,107
20,4,108
20,5,108
20,6,108
20,7,108
20,0,109
20,1,109
20,2,109
20,3,109
20,4,109
20,5,109
20,6,109
20,7,109
20,0,110
20,1,110
20,2,114
20,3,114
20,4,114
20,5,114
20,0,115
20,1,115
20,2,115
20,3,115
20,4,115
20,5,115
20,6,116
20,7,116
20,0,117
20,1,117
20,2,121
20,3,121
20,4,121
20,5,121
20,6,121
20,7,121
20,0,122
20,1,122
20,2,122
20,3,122
20,6,123
20,7,123
20,0,124
20,1,124
20,2,124
20,3,124
20,2,128
20,3,128
20,4,128
20,5,128
20,6,128
20,7,128
20,0,129
20,1,129
20,2,129
20,3,129
20,4,130
20,5,130
20,6,130
20,7,130
20,0,131
20,1,131
20,2,131
20,3,131
20,4,135
20,5,135
20,6,135
20,7,135
20,0,136
20,1,136
20,2,136
20,3,136
20,4,136
20,5,136
20,0,137
20,1,137
20,2,137
20,3,137
20,4,137
20,5,137
20,6,137
20,7,137
20,0,138
20,1,138
20,6,142
20,7,142
20,0,143
20,1,143
20,2,143
20,3,143
20,4,143
20,5,143
20,6,143
20,7,143
20,0,144
20,1,144
20,2,144
20,3,144
20,4,144
20,5,144
20,2,150
20,3,150
20,4,150
20,5,150
21,2,18
21,3,18
21,4,18
21,5,18
21,6,24
21,7,24
21,2,25
21,3,25
21,4,31
21,5,31
21,6,31
21,7,31
21,0,32
21,1,32
21,4,38
21,5,38
21,6,38
21,7,38
21,0,45
21,1,45
21,2,45
21,3,45
21,0,52
21,1,52
21,6,58
21,7,58
21,6,65
21,7,65
21,2,72
21,3,72
21,4,72
21,5,72
21,6,72
21,7,72
21,2,79
21,3,79
21,4,79
21,5,79
21,2,86
21,3,86
21,4,86
21,5,86
21,2,93
21,3,93
21,4,93
21,5,93
21,2,100
21,3,100
21,2,102
21,3,102
21,4,102
21,5,102
21,2,107
21,3,107
21,2,108
21,3,108
21,4,108
21,5,108
21,6,108
21,7,108
21,0,109
21,1,109
21,2,109
21,3,109
21,4,109
21,5,109
21,6,109
21,7,109
21,0,110
21,1,110
21,2,114
21,3,114
21,0,115
21,1,115
21,2,115
21,3,115
21,4,115
21,5,115
21,0,116
21,1,116
21,6,116
21,7,116
21,0,117
21,1,117
21,2,117
21,3,117
21,2,121
21,3,121
21,4,121
21,5,121
21,0,122
21,1,122
21,2,122
21,3,122
21,4,122
21,5,122
21,0,124
21,1,124
21,2,124
21,3,124
21,2,128
21,3,128
21,4,128
21,5,128
21,6,128
21,7,128
21,0,129
21,1,129
21,2,129
21,3,129
21,6,130
21,7,130
21,0,131
21,1,131
21,2,131
21,3,131
21,6,135
21,7,135
21,0,136
21,1,136
21,2,136
21,3,136
21,4,136
21,5,136
21,6,136
21,7,136
21,0,137
21,1,137
21,2,137
21,3,137
21,4,137
21,5,137
21,6,137
21,7,137
21,0,138
21,1,138
21,4,142
21,5,142
21,0,143
21,1,143
21,2,143
21,3,143
21,4,143
21,5,143
21,6,143
21,7,143
21,0,144
21,1,144
21,2,144
21,3,144
21,4,144
21,5,144
21,0,150
21,1,150
21,2,150
21,3,150
21,4,150
21,5,150
22,6,17
22,7,17
22,0,18
22,1,18
22,2,18
22,3,18
22,4,18
22,5,18
22,6,24
22,7,24
22,0,25
22,1,25
22,2,25
22,3,25
22,4,25
22,5,25
22,4,31
22,5,31
22,6,31
22,7,31
22,0,32
22,1,32
22,2,38
22,3,38
22,4,38
22,5,38
22,6,38
22,7,38
22,0,45
22,1,45
22,2,45
22,3,45
22,0,52
22,1,52
22,2,52
22,3,52
22,4,58
22,5,58
22,6,58
22,7,58
22,0,59
22,1,59
22,4,65
22,5,65
22,6,65
22,7,65
22,0,66
22,1,66
22,2,72
22,3,72
22,4,72
22,5,72
22,2,79
22,3,79
22,4,79
22,5,79
22,0,86
22,1,86
22,2,86
22,3,86
22,4,86
22,5,86
22,2,93
22,3,93
22,0,100
22,1,100
22,2,100
22,3,100
22,6,101
22,7,101
22,2,102
22,3,102
22,4,102
22,5,102
22,6,102
22,7,102
22,2,107
22,3,107
22,4,108
22,5,108
22,6,108
22,7,108
22,0,109
22,1,109
22,2,109
22,3,109
22,4,109
22,5,109
22,6,109
22,7,109
22,0,110
22,1,110
22,2,114
22,3,114
22,4,114
22,5,114
22,2,115
22,3,115
22,4,115
22,5,115
22,6,116
22,7,116
22,0,117
22,1,117
22,2,121
22,3,121
22,4,121
22,5,121
22,0,122
22,1,122
22,2,122
22,3,122
22,4,122
22,5,122
22,6,123
22,7,123
22,0,124
22,1,124
22,2,128
22,3,128
22,4,128
22,5,128
22,6,128
22,7,128
22,0,129
22,1,129
22,2,129
22,3,129
22,6,130
22,7,130
22,0,131
22,1,131
22,2,131
22,3,131
22,4,135
22,5,135
22,6,135
22,7,135
22,0,136
22,1,136
22,4,136
22,5,136
22,6,136
22,7,136
22,0,137
22,1,137
22,2,137
22,3,137
22,4,137
22,5,137
22,6,137
22,7,137
22,0,138
22,1,138
22,0,143
22,1,143
22,2,143
22,3,143
22,4,143
22,5,143
22,6,143
22,7,143
22,0,144
22,1,144
22,4,144
22,5,144
22,0,150
22,1,150
22,4,150
22,5,150
22,0,151
22,1,151
23,2,18
23,3,18
23,4,18
23,5,18
23,6,24
23,7,24
23,0,25
23,1,25
23,2,25
23,3,25
23,4,31
23,5,31
23,6,31
23,7,31
23,2,38
23,3,38
23,4,38
23,5,38
23,0,45
23,1,45
23,2,45
23,3,45
23,6,51
23,7,51
23,0,52
23,1,52
23,2,52
23,3,52
23,4,58
23,5,58
23,6,58
23,7,58
23,0,59
23,1,59
23,4,65
23,5,65
23,6,65
23,7,65
23,4,72
23,5,72
23,6,72
23,7,72
23,2,79
23,3,79
23,4,79
23,5,79
23,0,86
23,1,86
23,2,86
23,3,86
23,4,86
23,5,86
23,0,93
23,1,93
23,2,93
23,3,93
23,2,100
23,3,100
23,0,102
23,1,102
23,2,102
23,3,102
23,4,102
23,5,102
23,2,107
23,3,107
23,4,108
23,5,108
23,6,108
23,7,108
23,0,109
23,1,109
23,2,109
23,3,109
23,4,109
23,5,109
23,6,109
23,7,109
23,0,114
23,1,114
23,2,114
23,3,114
23,0,115
23,1,115
23,2,115
23,3,115
23,4,115
23,5,115
23,6,115
23,7,115
23,6,116
23,7,116
23,0,117
23,1,117
23,2,121
23,3,121
23,4,121
23,5,121
23,6,121
23,7,121
23,0,122
23,1,122
23,2,122
23,3,122
23,4,122
23,5,122
23,0,124
23,1,124
23,4,128
23,5,128
23,6,128
23,7,128
23,0,129
23,1,129
23,2,129
23,3,129
23,0,131
23,1,131
23,4,135
23,5,135
23,6,135
23,7,135
23,0,136
23,1,136
23,4,136
23,5,136
23,0,137
23,1,137
23,2,137
23,3,137
23,4,137
23,5,137
23,6,137
23,7,137
23,0,138
23,1,138
23,6,142
23,7,142
23,0,143
23,1,143
23,2,143
23,3,143
23,4,143
23,5,143
23,6,143
23,7,143
23,0,144
23,1,144
23,2,144
23,3,144
23,4,144
23,5,144
23,2,150
23,3,150
23,4,150
23,5,150
23,6,150
23,7,150
24,0,18
24,1,18
24,2,18
24,3,18
24,4,18
24,5,18
24,2,25
24,3,25
24,4,31
24,5,31
24,6,31
24,7,31
24,2,38
24,3,38
24,4,38
24,5,38
24,6,38
24,7,38
24,0,45
24,1,45
24,2,45
24,3,45
24,0,52
24,1,52
24,2,52
24,3,52
24,6,58
24,7,58
24,0,59
24,1,59
24,4,65
24,5,65
24,6,65
24,7,65
24,2,72
24,3,72
24,4,72
24,5,72
24,2,79
24,3,79
24,4,79
24,5,79
24,2,86
24,3,86
24,4,86
24,5,86
24,0,93
24,1,93
24,2,93
24,3,93
24,0,100
24,1,100
24,2,100
24,3,100
24,4,101
24,5,101
24,2,102
24,3,102
24,4,102
24,5,102
24,0,103
24,1,103
24,2,107
24,3,107
24,4,107
24,5,107
24,2,108
24,3,108
24,4,108
24,5,108
24,6,108
24,7,108
24,0,109
24,1,109
24,2,109
24,3,109
24,4,109
24,5,109
24,6,109
24,7,109
24,0,110
24,1,110
24,2,114
24,3,114
24,4,114
24,5,114
24,2,115
24,3,115
24,4,115
24,5,115
24,6,115
24,7,115
24,6,116
24,7,116
24,0,117
24,1,117
24,2,121
24,3,121
24,4,121
24,5,121
24,0,122
24,1,122
24,2,122
24,3,122
24,4,122
24,5,122
24,6,123
24,7,123
24,0,124
24,1,124
24,2,124
24,3,124
24,2,128
24,3,128
24,4,128
24,5,128
24,6,128
24,7,128
24,0,129
24,1,129
24,2,129
24,3,129
24,4,130
24,5,130
24,6,130
24,7,130
24,0,131
24,1,131
24,6,135
24,7,135
24,0,136
24,1,136
24,2,136
24,3,136
24,4,136
24,5,136
24,2,137
24,3,137
24,4,137
24,5,137
24,6,137
24,7,137
24,0,138
24,1,138
24,4,142
24,5,142
24,0,143
24,1,143
24,2,143
24,3,143
24,4,143
24,5,143
24,6,143
24,7,143
24,0,144
24,1,144
24,2,144
24,3,144
24,0,150
24,1,150
24,2,150
24,3,150
24,6,150
24,7,150
25,0,18
25,1,18
25,2,18
25,3,18
25,4,18
25,5,18
25,4,24
25,5,24
25,6,24
25,7,24
25,2,25
25,3,25
25,4,31
25,5,31
25,6,31
25,7,31
25,2,38
25,3,38
25,4,38
25,5,38
25,0,45
25,1,45
25,2,45
25,3,45
25,4,45
25,5,45
25,0,52
25,1,52
25,2,52
25,3,52
25,6,58
25,7,58
25,0,59
25,1,59
25,4,65
25,5,65
25,6,65
25,7,65
25,2,72
25,3,72
25,4,72
25,5,72
25,0,79
25,1,79
25,2,79
25,3,79
25,4,79
25,5,79
25,2,86
25,3,86
25,4,86
25,5,86
25,0,93
25,1,93
25,2,93
25,3,93
25,4,93
25,5,93
25,0,100
25,1,100
25,2,100
25,3,100
25,0,102
25,1,102
25,2,102
25,3,102
25,2,107
25,3,107
25,4,108
25,5,108
25,6,108
25,7,108
25,0,109
25,1,109
25,2,109
25,3,109
25,4,109
25,5,109
25,6,109
25,7,109
25,0,110
25,1,110
25,0,114
25,1,114
25,2,114
25,3,114
25,4,114
25,5,114
25,0,115
25,1,115
25,2,115
25,3,115
25,4,115
25,5,115
25,6,115
25,7,115
25,6,116
25,7,116
25,0,117
25,1,117
25,2,121
25,3,121
25,4,121
25,5,121
25,6,121
25,7,121
25,0,122
25,1,122
25,2,122
25,3,122
25,4,122
25,5,122
25,6,123
25,7,123
25,0,124
25,1,124
25,2,128
25,3,128
25,4,128
25,5,128
25,6,128
25,7,128
25,0,129
25,1,129
25,2,129
25,3,129
25,6,130
25,7,130
25,0,131
25,1,131
25,4,135
25,5,135
25,6,135
25,7,135
25,0,136
25,1,136
25,2,136
25,3,136
25,4,136
25,5,136
25,6,136
25,7,136
25,0,137
25,1,137
25,2,137
25,3,137
25,4,137
25,5,137
25,6,137
25,7,137
25,0,138
25,1,138
25,6,142
25,7,142
25,0,143
25,1,143
25,2,143
25,3,143
25,4,143
25,5,143
25,6,143
25,7,143
25,0,144
25,1,144
25,2,144
25,3,144
25,6,144
25,7,144
25,0,150
25,1,150
25,4,150
25,5,150
26,2,18
26,3,18
26,4,18
26,5,18
26,4,24
26,5,24
26,6,24
26,7,24
26,0,25
26,1,25
26,2,25
26,3,25
26,2,31
26,3,31
26,4,31
26,5,31
26,6,31
26,7,31
26,0,32
26,1,32
26,2,38
26,3,38
26,4,38
26,5,38
26,6,38
26,7,38
26,0,45
26,1,45
26,2,45
26,3,45
26,0,52
26,1,52
26,2,52
26,3,52
26,6,58
26,7,58
26,4,65
26,5,65
26,6,65
26,7,65
26,2,72
26,3,72
26,4,72
26,5,72
26,6,72
26,7,72
26,2,79
26,3,79
26,4,79
26,5,79
26,2,86
26,3,86
26,0,93
26,1,93
26,2,93
26,3,93
26,2,95
26,3,95
26,2,100
26,3,100
26,4,100
26,5,100
26,0,102
26,1,102
26,2,102
26,3,102
26,4,102
26,5,102
26,2,107
26,3,107
26,4,107
26,5,107
26,4,108
26,5,108
26,6,108
26,7,108
26,0,109
26,1,109
26,2,109
26,3,109
26,4,109
26,5,109
26,6,109
26,7,109
26,0,110
26,1,110
26,2,114
26,3,114
26,0,115
26,1,115
26,2,115
26,3,115
26,4,115
26,5,115
26,0,116
26,1,116
26,6,116
26,7,116
26,0,117
26,1,117
26,2,117
26,3,117
26,2,121
26,3,121
26,4,121
26,5,121
26,6,121
26,7,121
26,0,122
26,1,122
26,2,122
26,3,122
26,4,122
26,5,122
26,6,123
26,7,123
26,0,124
26,1,124
26,2,124
26,3,124
26,2,128
26,3,128
26,4,128
26,5,128
26,6,128
26,7,128
26,0,129
26,1,129
26,4,130
26,5,130
26,0,131
26,1,131
26,6,135
26,7,135
26,0,136
26,1,136
26,2,136
26,3,136
26,4,136
26,5,136
26,6,136
26,7,136
26,0,137
26,1,137
26,2,137
26,3,137
26,4,137
26,5,137
26,6,137
26,7,137
26,0,138
26,1,138
26,6,142
26,7,142
26,0,143
26,1,143
26,2,143
26,3,143
26,4,143
26,5,143
26,6,143
26,7,143
26,0,144
26,1,144
26,2,144
26,3,144
26,4,144
26,5,144
26,0,150
26,1,150
26,2,150
26,3,150
26,4,150
26,5,150
26,6,150
26,7,150
26,0,151
26,1,151
27,0,18
27,1,18
27,2,18
27,3,18
27,6,24
27,7,24
27,0,25
27,1,25
27,4,31
27,5,31
27,6,31
27,7,31
27,0,32
27,1,32
27,2,38
27,3,38
27,4,38
27,5,38
27,6,38
27,7,38
27,0,45
27,1,45
27,2,45
27,3,45
27,6,51
27,7,51
27,0,52
27,1,52
27,2,52
27,3,52
27,6,58
27,7,58
27,0,59
27,1,59
27,4,65
27,5,65
27,6,65
27,7,65
27,2,72
27,3,72
27,4,72
27,5,72
27,0,79
27,1,79
27,2,79
27,3,79
27,4,79
27,5,79
27,0,86
27,1,86
27,2,86
27,3,86
27,4,86
27,5,86
27,2,93
27,3,93
27,0,100
27,1,100
27,2,100
27,3,100
27,4,100
27,5,100
27,2,102
27,3,102
27,4,102
27,5,102
27,2,107
27,3,107
27,4,108
27,5,108
27,6,108
27,7,108
27,0,109
27,1,109
27,2,109
27,3,109
27,4,109
27,5,109
27,6,109
27,7,109
27,2,114
27,3,114
27,4,114
27,5,114
27,2,115
27,3,115
27,4,115
27,5,115
27,6,115
27,7,115
27,6,116
27,7,116
27,0,117
27,1,117
27,2,121
27,3,121
27,4,121
27,5,121
27,0,122
27,1,122
27,2,122
27,3,122
27,4,122
27,5,122
27,6,123
27,7,123
27,0,124
27,1,124
27,2,128
27,3,128
27,4,128
27,5,128
27,6,128
27,7,128
27,0,129
27,1,129
27,2,129
27,3,129
27,6,130
27,7,130
27,0,131
27,1,131
27,6,135
27,7,135
27,0,136
27,1,136
27,2,136
27,3,136
27,4,136
27,5,136
27,6,136
27,7,136
27,2,137
27,3,137
27,4,137
27,5,137
27,6,137
27,7,137
27,6,142
27,7,142
27,0,143
27,1,143
27,2,143
27,3,143
27,4,143
27,5,143
27,6,143
27,7,143
27,0,144
27,1,144
27,0,150
27,1,150
27,4,150
27,5,150
27,6,150
27,7,150
28,0,18
28,1,18
28,2,18
28,3,18
28,4,18
28,5,18
28,4,24
28,5,24
28,6,24
28,7,24
28,0,25
28,1,25
28,2,25
28,3,25
28,4,31
28,5,31
28,6,31
28,7,31
28,2,38
28,3,38
28,4,38
28,5,38
28,6,38
28,7,38
28,2,45
28,3,45
28,6,51
28,7,51
28,0,52
28,1,52
28,2,52
28,3,52
28,4,58
28,5,58
28,4,65
28,5,65
28,6,65
28,7,65
28,0,66
28,1,66
28,2,72
28,3,72
28,4,72
28,5,72
28,6,72
28,7,72
28,2,79
28,3,79
28,4,79
28,5,79
28,0,86
28,1,86
28,2,86
28,3,86
28,4,86
28,5,86
28,2,93
28,3,93
28,4,93
28,5,93
28,0,100
28,1,100
28,2,100
28,3,100
28,6,101
28,7,101
28,0,102
28,1,102
28,2,102
28,3,102
28,4,102
28,5,102
28,6,102
28,7,102
28,0,107
28,1,107
28,2,107
28,3,107
28,4,108
28,5,108
28,6,108
28,7,108
28,0,109
28,1,109
28,2,109
28,3,109
28,4,109
28,5,109
28,6,109
28,7,109
28,2,114
28,3,114
28,4,114
28,5,114
28,2,115
28,3,115
28,6,115
28,7,115
28,2,116
28,3,116
28,6,116
28,7,116
28,0,117
28,1,117
28,2,121
28,3,121
28,4,121
28,5,121
28,6,121
28,7,121
28,0,122
28,1,122
28,2,122
28,3,122
28,4,122
28,5,122
28,6,123
28,7,123
28,0,124
28,1,124
28,2,124
28,3,124
28,2,128
28,3,128
28,4,128
28,5,128
28,6,128
28,7,128
28,0,129
28,1,129
28,2,129
28,3,129
28,4,129
28,5,129
28,4,130
28,5,130
28,6,130
28,7,130
28,0,131
28,1,131
28,6,135
28,7,135
28,0,136
28,1,136
28,2,136
28,3,136
28,4,136
28,5,136
28,6,136
28,7,136
28,0,137
28,1,137
28,2,137
28,3,137
28,4,137
28,5,137
28,6,137
28,7,137
28,0,138
28,1,138
28,6,142
28,7,142
28,0,143
28,1,143
28,4,143
28,5,143
28,6,143
28,7,143
28,0,144
28,1,144
28,2,144
28,3,144
28,0,150
28,1,150
28,2,150
28,3,150
29,2,18
29,3,18
29,4,18
29,5,18
29,4,24
29,5,24
29,6,24
29,7,24
29,0,25
29,1,25
29,2,25
29,3,25
29,4,31
29,5,31
29,6,31
29,7,31
29,2,38
29,3,38
29,4,38
29,5,38
29,0,45
29,1,45
29,2,45
29,3,45
29,0,52
29,1,52
29,6,58
29,7,58
29,0,59
29,1,59
29,4,65
29,5,65
29,6,65
29,7,65
29,2,72
29,3,72
29,4,72
29,5,72
29,6,72
29,7,72
29,2,79
29,3,79
29,4,79
29,5,79
29,6,79
29,7,79
29,2,86
29,3,86
29,4,86
29,5,86
29,2,93
29,3,93
29,2,100
29,3,100
29,4,100
29,5,100
29,6,101
29,7,101
29,0,102
29,1,102
29,2,102
29,3,102
29,4,102
29,5,102
29,6,102
29,7,102
29,2,107
29,3,107
29,4,108
29,5,108
29,6,108
29,7,108
29,0,109
29,1,109
29,2,109
29,3,109
29,4,109
29,5,109
29,6,109
29,7,109
29,0,110
29,1,110
29,0,114
29,1,114
29,2,114
29,3,114
29,2,115
29,3,115
29,4,115
29,5,115
29,6,115
29,7,115
29,6,116
29,7,116
29,0,117
29,1,117
29,2,121
29,3,121
29,4,121
29,5,121
29,6,121
29,7,121
29,0,122
29,1,122
29,2,122
29,3,122
29,6,123
29,7,123
29,0,124
29,1,124
29,4,128
29,5,128
29,6,128
29,7,128
29,0,129
29,1,129
29,2,129
29,3,129
29,6,130
29,7,130
29,0,131
29,1,131
29,2,131
29,3,131
29,4,135
29,5,135
29,6,135
29,7,135
29,0,136
29,1,136
29,2,136
29,3,136
29,6,136
29,7,136
29,2,137
29,3,137
29,4,137
29,5,137
29,6,137
29,7,137
29,0,138
29,1,138
29,6,142
29,7,142
29,0,143
29,1,143
29,2,143
29,3,143
29,4,143
29,5,143
29,6,143
29,7,143
29,0,144
29,1,144
29,2,144
29,3,144
29,4,144
29,5,144
29,6,144
29,7,144
29,0,150
29,1,150
29,2,150
29,3,150
30,0,18
30,1,18
30,2,18
30,3,18
30,4,18
30,5,18
30,6,24
30,7,24
30,2,25
30,3,25
30,4,31
30,5,31
30,6,31
30,7,31
30,2,38
30,3,38
30,4,38
30,5,38
30,0,45
30,1,45
30,2,45
30,3,45
30,4,45
30,5,45
30,0,52
30,1,52
30,2,52
30,3,52
30,4,58
30,5,58
30,6,58
30,7,58
30,0,59
30,1,59
30,4,65
30,5,65
30,6,65
30,7,65
30,4,72
30,5,72
30,2,79
30,3,79
30,4,79
30,5,79
30,6,79
30,7,79
30,2,86
30,3,86
30,2,93
30,3,93
30,0,100
30,1,100
30,2,100
30,3,100
30,4,101
30,5,101
30,0,102
30,1,102
30,2,102
30,3,102
30,4,102
30,5,102
30,2,107
30,3,107
30,4,107
30,5,107
30,4,108
30,5,108
30,6,108
30,7,108
30,0,109
30,1,109
30,2,109
30,3,109
30,4,109
30,5,109
30,6,109
30,7,109
30,0,110
30,1,110
30,0,114
30,1,114
30,2,114
30,3,114
30,4,114
30,5,114
30,2,115
30,3,115
30,4,115
30,5,115
30,6,115
30,7,115
30,6,116
30,7,116
30,0,117
30,1,117
30,2,121
30,3,121
30,4,121
30,5,121
30,6,121
30,7,121
30,0,122
30,1,122
30,2,122
30,3,122
30,4,122
30,5,122
30,6,123
30,7,123
30,0,124
30,1,124
30,4,128
30,5,128
30,6,128
30,7,128
30,0,129
30,1,129
30,2,129
30,3,129
30,6,130
30,7,130
30,0,131
30,1,131
30,4,135
30,5,135
30,6,135
30,7,135
30,0,136
30,1,136
30,2,136
30,3,136
30,6,136
30,7,136
30,0,137
30,1,137
30,2,137
30,3,137
30,4,137
30,5,137
30,6,137
30,7,137
30,0,138
30,1,138
30,6,142
30,7,142
30,0,143
30,1,143
30,2,143
30,3,143
30,4,143
30,5,143
30,6,143
30,7,143
30,0,144
30,1,144
30,2,144
30,3,144
30,4,144
30,5,144
30,6,144
30,7,144
30,0,150
30,1,150
31,0,18
31,1,18
31,2,18
31,3,18
31,4,18
31,5,18
31,6,24
31,7,24
31,0,25
31,1,25
31,4,31
31,5,31
31,6,31
31,7,31
31,2,38
31,3,38
31,4,38
31,5,38
31,0,45
31,1,45
31,2,45
31,3,45
31,4,45
31,5,45
31,6,51
31,7,51
31,0,52
31,1,52
31,4,58
31,5,58
31,6,58
31,7,58
31,0,59
31,1,59
31,4,65
31,5,65
31,6,65
31,7,65
31,2,72
31,3,72
31,4,72
31,5,72
31,2,79
31,3,79
31,4,79
31,5,79
31,2,86
31,3,86
31,0,93
31,1,93
31,2,93
31,3,93
31,4,93
31,5,93
31,0,100
31,1,100
31,2,100
31,3,100
31,0,102
31,1,102
31,2,102
31,3,102
31,4,102
31,5,102
31,2,107
31,3,107
31,4,108
31,5,108
31,6,108
31,7,108
31,0,109
31,1,109
31,2,109
31,3,109
31,4,109
31,5,109
31,6,109
31,7,109
31,2,114
31,3,114
31,2,115
31,3,115
31,4,115
31,5,115
31,6,116
31,7,116
31,0,117
31,1,117
31,2,121
31,3,121
31,4,121
31,5,121
31,6,121
31,7,121
31,0,122
31,1,122
31,2,122
31,3,122
31,6,123
31,7,123
31,0,124
31,1,124
31,2,128
31,3,128
31,4,128
31,5,128
31,6,128
31,7,128
31,0,129
31,1,129
31,2,129
31,3,129
31,6,130
31,7,130
31,0,131
31,1,131
31,6,135
31,7,135
31,0,136
31,1,136
31,4,136
31,5,136
31,0,137
31,1,137
31,2,137
31,3,137
31,4,137
31,5,137
31,6,137
31,7,137
31,0,138
31,1,138
31,4,142
31,5,142
31,0,143
31,1,143
31,2,143
31,3,143
31,4,143
31,5,143
31,6,143
31,7,143
31,0,144
31,1,144
31,2,144
31,3,144
31,6,144
31,7,144
31,6,149
31,7,149
31,0,150
31,1,150
31,6,150
31,7,150
32,2,18
32,3,18
32,4,18
32,5,18
32,6,24
32,7,24
32,0,25
32,1,25
32,4,31
32,5,31
32,6,31
32,7,31
32,2,38
32,3,38
32,4,38
32,5,38
32,6,38
32,7,38
32,0,45
32,1,45
32,2,45
32,3,45
32,6,51
32,7,51
32,0,52
32,1,52
32,6,58
32,7,58
32,0,59
32,1,59
32,4,65
32,5,65
32,6,65
32,7,65
32,0,66
32,1,66
32,4,72
32,5,72
32,2,79
32,3,79
32,4,79
32,5,79
32,0,86
32,1,86
32,2,86
32,3,86
32,4,86
32,5,86
32,0,93
32,1,93
32,2,93
32,3,93
32,4,93
32,5,93
32,2,100
32,3,100
32,4,100
32,5,100
32,6,101
32,7,101
32,0,102
32,1,102
32,2,102
32,3,102
32,4,102
32,5,102
32,6,102
32,7,102
32,2,107
32,3,107
32,4,108
32,5,108
32,6,108
32,7,108
32,0,109
32,1,109
32,2,109
32,3,109
32,4,109
32,5,109
32,6,109
32,7,109
32,0,110
32,1,110
32,0,114
32,1,114
32,2,114
32,3,114
32,4,114
32,5,114
32,2,115
32,3,115
32,4,115
32,5,115
32,6,116
32,7,116
32,0,117
32,1,117
32,2,121
32,3,121
32,4,121
32,5,121
32,6,121
32,7,121
32,0,122
32,1,122
32,2,122
32,3,122
32,4,122
32,5,122
32,0,124
32,1,124
32,4,128
32,5,128
32,6,128
32,7,128
32,0,129
32,1,129
32,4,130
32,5,130
32,0,131
32,1,131
32,4,135
32,5,135
32,6,135
32,7,135
32,0,136
32,1,136
32,0,137
32,1,137
32,2,137
32,3,137
32,4,137
32,5,137
32,6,137
32,7,137
32,0,138
32,1,138
32,6,142
32,7,142
32,0,143
32,1,143
32,2,143
32,3,143
32,4,143
32,5,143
32,6,143
32,7,143
32,0,144
32,1,144
32,2,144
32,3,144
32,4,144
32,5,144
32,2,150
32,3,150
33,0,18
33,1,18
33,2,18
33,3,18
33,4,18
33,5,18
33,0,25
33,1,25
33,2,25
33,3,25
33,4,31
33,5,31
33,6,31
33,7,31
33,2,38
33,3,38
33,4,38
33,5,38
33,0,45
33,1,45
33,0,52
33,1,52
33,2,52
33,3,52
33,6,58
33,7,58
33,4,65
33,5,65
33,6,65
33,7,65
33,0,66
33,1,66
33,2,72
33,3,72
33,4,72
33,5,72
33,6,72
33,7,72
33,2,79
33,3,79
33,4,79
33,5,79
33,2,86
33,3,86
33,0,93
33,1,93
33,2,93
33,3,93
33,2,100
33,3,100
33,4,100
33,5,100
33,0,102
33,1,102
33,2,102
33,3,102
33,4,102
33,5,102
33,6,102
33,7,102
33,2,107
33,3,107
33,4,108
33,5,108
33,6,108
33,7,108
33,2,109
33,3,109
33,4,109
33,5,109
33,6,109
33,7,109
33,2,114
33,3,114
33,2,115
33,3,115
33,4,115
33,5,115
33,6,115
33,7,115
33,6,116
33,7,116
33,0,117
33,1,117
33,2,117
33,3,117
33,2,121
33,3,121
33,4,121
33,5,121
33,6,121
33,7,121
33,0,122
33,1,122
33,2,122
33,3,122
33,6,123
33,7,123
33,4,128
33,5,128
33,6,128
33,7,128
33,0,129
33,1,129
33,2,129
33,3,129
33,0,131
33,1,131
33,4,135
33,5,135
33,6,135
33,7,135
33,0,136
33,1,136
33,2,136
33,3,136
33,6,136
33,7,136
33,0,137
33,1,137
33,2,137
33,3,137
33,4,137
33,5,137
33,6,137
33,7,137
33,6,142
33,7,142
33,0,143
33,1,143
33,2,143
33,3,143
33,4,143
33,5,143
33,6,143
33,7,143
33,0,144
33,1,144
33,4,144
33,5,144
33,0,150
33,1,150
33,2,150
33,3,150
33,0,151
33,1,151
34,0,18
34,1,18
34,2,18
34,3,18
34,4,18
34,5,18
34,6,24
34,7,24
34,2,25
34,3,25
34,2,31
34,3,31
34,4,31
34,5,31
34,6,31
34,7,31
34,0,32
34,1,32
34,2,38
34,3,38
34,4,38
34,5,38
34,6,44
34,7,44
34,0,45
34,1,45
34,2,45
34,3,45
34,6,51
34,7,51
34,0,52
34,1,52
34,2,52
34,3,52
34,6,58
34,7,58
34,4,65
34,5,65
34,6,65
34,7,65
34,2,72
34,3,72
34,4,72
34,5,72
34,2,79
34,3,79
34,4,79
34,5,79
34,2,86
34,3,86
34,4,86
34,5,86
34,2,93
34,3,93
34,4,93
34,5,93
34,0,100
34,1,100
34,2,100
34,3,100
34,0,102
34,1,102
34,2,102
34,3,102
34,4,102
34,5,102
34,2,107
34,3,107
34,6,108
34,7,108
34,0,109
34,1,109
34,2,109
34,3,109
34,4,109
34,5,109
34,6,109
34,7,109
34,2,114
34,3,114
34,0,115
34,1,115
34,2,115
34,3,115
34,4,115
34,5,115
34,6,116
34,7,116
34,0,117
34,1,117
34,4,121
34,5,121
34,6,121
34,7,121
34,0,122
34,1,122
34,2,122
34,3,122
34,6,123
34,7,123
34,0,124
34,1,124
34,4,128
34,5,128
34,6,128
34,7,128
34,0,129
34,1,129
34,2,129
34,3,129
34,0,131
34,1,131
34,6,135
34,7,135
34,0,136
34,1,136
34,2,136
34,3,136
34,4,136
34,5,136
34,6,136
34,7,136
34,0,137
34,1,137
34,2,137
34,3,137
34,4,137
34,5,137
34,6,137
34,7,137
34,0,138
34,1,138
34,4,142
34,5,142
34,6,142
34,7,142
34,0,143
34,1,143
34,2,143
34,3,143
34,4,143
34,5,143
34,6,143
34,7,143
34,0,144
34,1,144
34,4,144
34,5,144
34,0,150
34,1,150
35,2,18
35,3,18
35,4,18
35,5,18
35,6,24
35,7,24
35,0,25
35,1,25
35,2,25
35,3,25
35,4,31
35,5,31
35,6,31
35,7,31
35,2,38
35,3,38
35,4,38
35,5,38
35,6,38
35,7,38
35,0,45
35,1,45
35,2,45
35,3,45
35,0,52
35,1,52
35,2,52
35,3,52
35,6,58
35,7,58
35,4,65
35,5,65
35,6,65
35,7,65
35,4,72
35,5,72
35,6,72
35,7,72
35,2,79
35,3,79
35,4,79
35,5,79
35,0,86
35,1,86
35,2,86
35,3,86
35,4,86
35,5,86
35,2,93
35,3,93
35,0,100
35,1,100
35,2,100
35,3,100
35,0,102
35,1,102
35,2,102
35,3,102
35,4,102
35,5,102
35,6,102
35,7,102
35,0,103
35,1,103
35,2,107
35,3,107
35,4,108
35,5,108
35,6,108
35,7,108
35,0,109
35,1,109
35,2,109
35,3,109
35,4,109
35,5,109
35,6,109
35,7,109
35,0,110
35,1,110
35,2,114
35,3,114
35,4,114
35,5,114
35,2,115
35,3,115
35,4,115
35,5,115
35,6,115
35,7,115
35,6,116
35,7,116
35,0,117
35,1,117
35,2,121
35,3,121
35,4,121
35,5,121
35,6,121
35,7,121
35,0,122
35,1,122
35,2,122
35,3,122
35,6,123
35,7,123
35,0,124
35,1,124
35,2,128
35,3,128
35,4,128
35,5,128
35,6,128
35,7,128
35,0,129
35,1,129
35,2,129
35,3,129
35,6,130
35,7,130
35,0,131
35,1,131
35,2,131
35,3,131
35,6,135
35,7,135
35,0,136
35,1,136
35,2,136
35,3,136
35,6,136
35,7,136
35,2,137
35,3,137
35,4,137
35,5,137
35,6,137
35,7,137
35,0,138
35,1,138
35,6,142
35,7,142
35,0,143
35,1,143
35,2,143
35,3,143
35,4,143
35,5,143
35,6,143
35,7,143
35,0,144
35,1,144
35,2,144
35,3,144
35,4,144
35,5,144
35,6,144
35,7,144
35,0,145
35,1,145
35,6,149
35,7,149
35,0,150
35,1,150
35,6,150
35,7,150
36,2,18
36,3,18
36,4,18
36,5,18
36,4,24
36,5,24
36,6,24
36,7,24
36,0,25
36,1,25
36,2,25
36,3,25
36,4,25
36,5,25
36,4,31
36,5,31
36,6,31
36,7,31
36,0,32
36,1,32
36,0,38
36,1,38
36,2,38
36,3,38
36,4,38
36,5,38
36,6,38
36,7,38
36,2,45
36,3,45
36,6,51
36,7,51
36,0,52
36,1,52
36,6,58
36,7,58
36,0,59
36,1,59
36,4,65
36,5,65
36,6,65
36,7,65
36,0,66
36,1,66
36,2,72
36,3,72
36,4,72
36,5,72
36,2,79
36,3,79
36,4,79
36,5,79
36,0,86
36,1,86
36,2,86
36,3,86
36,0,93
36,1,93
36,2,93
36,3,93
36,2,100
36,3,100
36,6,101
36,7,101
36,0,102
36,1,102
36,2,102
36,3,102
36,4,102
36,5,102
36,6,102
36,7,102
36,2,107
36,3,107
36,4,108
36,5,108
36,6,108
36,7,108
36,0,109
36,1,109
36,2,109
36,3,109
36,4,109
36,5,109
36,6,109
36,7,109
36,0,110
36,1,110
36,2,114
36,3,114
36,4,114
36,5,114
36,4,115
36,5,115
36,6,115
36,7,115
36,6,116
36,7,116
36,0,117
36,1,117
36,2,121
36,3,121
36,4,121
36,5,121
36,6,121
36,7,121
36,0,122
36,1,122
36,2,122
36,3,122
36,4,122
36,5,122
36,6,123
36,7,123
36,0,124
36,1,124
36,4,128
36,5,128
36,6,128
36,7,128
36,0,129
36,1,129
36,2,129
36,3,129
36,4,130
36,5,130
36,6,130
36,7,130
36,0,131
36,1,131
36,6,135
36,7,135
36,0,136
36,1,136
36,4,136
36,5,136
36,6,136
36,7,136
36,0,137
36,1,137
36,4,137
36,5,137
36,6,137
36,7,137
36,0,138
36,1,138
36,0,143
36,1,143
36,2,143
36,3,143
36,4,143
36,5,143
36,6,143
36,7,143
36,0,144
36,1,144
36,2,144
36,3,144
36,4,144
36,5,144
36,6,144
36,7,144
36,0,150
36,1,150
36,4,150
36,5,150
36,0,151
36,1,151
37,0,18
37,1,18
37,2,18
37,3,18
37,0,25
37,1,25
37,2,25
37,3,25
37,4,31
37,5,31
37,6,31
37,7,31
37,2,38
37,3,38
37,4,38
37,5,38
37,0,45
37,1,45
37,2,45
37,3,45
37,4,45
37,5,45
37,6,51
37,7,51
37,0,52
37,1,52
37,0,59
37,1,59
37,4,65
37,5,65
37,6,65
37,7,65
37,0,66
37,1,66
37,0,72
37,1,72
37,2,72
37,3,72
37,4,72
37,5,72
37,6,72
37,7,72
37,2,79
37,3,79
37,2,86
37,3,86
37,4,86
37,5,86
37,0,93
37,1,93
37,2,93
37,3,93
37,4,93
37,5,93
37,2,100
37,3,100
37,0,102
37,1,102
37,2,102
37,3,102
37,4,102
37,5,102
37,6,102
37,7,102
37,0,107
37,1,107
37,2,107
37,3,107
37,4,108
37,5,108
37,6,108
37,7,108
37,0,109
37,1,109
37,2,109
37,3,109
37,4,109
37,5,109
37,6,109
37,7,109
37,0,114
37,1,114
37,2,114
37,3,114
37,4,114
37,5,114
37,2,115
37,3,115
37,4,115
37,5,115
37,6,115
37,7,115
37,6,116
37,7,116
37,0,117
37,1,117
37,2,117
37,3,117
37,2,121
37,3,121
37,6,121
37,7,121
37,0,122
37,1,122
37,2,122
37,3,122
37,0,124
37,1,124
37,4,128
37,5,128
37,6,128
37,7,128
37,0,129
37,1,129
37,2,129
37,3,129
37,4,130
37,5,130
37,6,130
37,7,130
37,0,131
37,1,131
37,2,131
37,3,131
37,6,135
37,7,135
37,0,136
37,1,136
37,4,136
37,5,136
37,0,137
37,1,137
37,2,137
37,3,137
37,4,137
37,5,137
37,6,137
37,7,137
37,0,138
37,1,138
37,6,142
37,7,142
37,0,143
37,1,143
37,2,143
37,3,143
37,4,143
37,5,143
37,6,143
37,7,143
37,0,144
37,1,144
37,2,144
37,3,144
37,4,144
37,5,144
37,6,144
37,7,144
37,0,150
37,1,150
37,2,150
37,3,150
37,4,150
37,5,150
37,0,151
37,1,151
37,2,151
37,3,151
38,0,18
38,1,18
38,2,18
38,3,18
38,4,18
38,5,18
38,6,24
38,7,24
38,0,25
38,1,25
38,4,25
38,5,25
38,4,31
38,5,31
38,2,38
38,3,38
38,4,38
38,5,38
38,6,38
38,7,38
38,2,45
38,3,45
38,6,51
38,7,51
38,0,52
38,1,52
38,6,58
38,7,58
38,0,59
38,1,59
38,4,65
38,5,65
38,4,72
38,5,72
38,6,72
38,7,72
38,2,79
38,3,79
38,4,79
38,5,79
38,6,79
38,7,79
38,2,86
38,3,86
38,2,93
38,3,93
38,0,100
38,1,100
38,2,100
38,3,100
38,4,100
38,5,100
38,6,101
38,7,101
38,0,102
38,1,102
38,2,102
38,3,102
38,4,102
38,5,102
38,6,102
38,7,102
38,2,107
38,3,107
38,4,107
38,5,107
38,4,108
38,5,108
38,6,108
38,7,108
38,0,109
38,1,109
38,2,109
38,3,109
38,4,109
38,5,109
38,6,109
38,7,109
38,2,114
38,3,114
38,4,114
38,5,114
38,4,115
38,5,115
38,6,115
38,7,115
38,6,116
38,7,116
38,0,117
38,1,117
38,2,121
38,3,121
38,4,121
38,5,121
38,6,121
38,7,121
38,0,122
38,1,122
38,2,122
38,3,122
38,6,123
38,7,123
38,0,124
38,1,124
38,2,124
38,3,124
38,2,128
38,3,128
38,4,128
38,5,128
38,6,128
38,7,128
38,0,129
38,1,129
38,2,129
38,3,129
38,6,130
38,7,130
38,0,131
38,1,131
38,4,135
38,5,135
38,6,135
38,7,135
38,0,136
38,1,136
38,2,136
38,3,136
38,4,136
38,5,136
38,2,137
38,3,137
38,4,137
38,5,137
38,6,137
38,7,137
38,6,142
38,7,142
38,0,143
38,1,143
38,2,143
38,3,143
38,4,143
38,5,143
38,6,143
38,7,143
38,0,144
38,1,144
38,2,144
38,3,144
38,4,144
38,5,144
38,0,150
38,1,150
38,6,150
38,7,150
39,0,18
39,1,18
39,2,18
39,3,18
39,4,18
39,5,18
39,6,24
39,7,24
39,0,25
39,1,25
39,2,25
39,3,25
39,4,31
39,5,31
39,6,31
39,7,31
39,2,38
39,3,38
39,4,38
39,5,38
39,0,45
39,1,45
39,2,45
39,3,45
39,0,52
39,1,52
39,6,58
39,7,58
39,0,59
39,1,59
39,6,65
39,7,65
39,4,72
39,5,72
39,2,79
39,3,79
39,4,79
39,5,79
39,0,86
39,1,86
39,2,86
39,3,86
39,4,86
39,5,86
39,2,93
39,3,93
39,2,100
39,3,100
39,4,101
39,5,101
39,6,101
39,7,101
39,0,102
39,1,102
39,2,102
39,3,102
39,4,102
39,5,102
39,0,107
39,1,107
39,2,107
39,3,107
39,4,108
39,5,108
39,6,108
39,7,108
39,0,109
39,1,109
39,2,109
39,3,109
39,4,109
39,5,109
39,6,109
39,7,109
39,0,110
39,1,110
39,2,114
39,3,114
39,4,114
39,5,114
39,2,115
39,3,115
39,4,115
39,5,115
39,0,116
39,1,116
39,6,116
39,7,116
39,0,117
39,1,117
39,2,121
39,3,121
39,4,121
39,5,121
39,6,121
39,7,121
39,0,122
39,1,122
39,2,122
39,3,122
39,6,123
39,7,123
39,0,124
39,1,124
39,2,124
39,3,124
39,2,128
39,3,128
39,4,128
39,5,128
39,6,128
39,7,128
39,0,129
39,1,129
39,2,129
39,3,129
39,4,130
39,5,130
39,6,130
39,7,130
39,0,131
39,1,131
39,4,135
39,5,135
39,6,135
39,7,135
39,0,136
39,1,136
39,4,136
39,5,136
39,6,136
39,7,136
39,4,137
39,5,137
39,6,137
39,7,137
39,6,142
39,7,142
39,0,143
39,1,143
39,2,143
39,3,143
39,4,143
39,5,143
39,6,143
39,7,143
39,0,144
39,1,144
39,4,144
39,5,144
39,0,145
39,1,145
39,0,150
39,1,150
39,2,150
39,3,150
39,4,150
39,5,150
39,0,151
39,1,151
40,2,18
40,3,18
40,4,18
40,5,18
40,4,24
40,5,24
40,6,24
40,7,24
40,0,25
40,1,25
40,2,25
40,3,25
40,2,31
40,3,31
40,4,31
40,5,31
40,6,31
40,7,31
40,2,38
40,3,38
40,4,38
40,5,38
40,0,45
40,1,45
40,2,45
40,3,45
40,6,51
40,7,51
40,0,52
40,1,52
40,2,52
40,3,52
40,4,58
40,5,58
40,6,58
40,7,58
40,4,65
40,5,65
40,6,65
40,7,65
40,0,66
40,1,66
40,4,72
40,5,72
40,2,79
40,3,79
40,4,79
40,5,79
40,0,86
40,1,86
40,2,86
40,3,86
40,0,93
40,1,93
40,2,93
40,3,93
40,2,100
40,3,100
40,4,100
40,5,100
40,0,102
40,1,102
40,2,102
40,3,102
40,4,102
40,5,102
40,0,103
40,1,103
40,0,107
40,1,107
40,2,107
40,3,107
40,2,108
40,3,108
40,6,108
40,7,108
40,0,109
40,1,109
40,2,109
40,3,109
40,4,109
40,5,109
40,6,109
40,7,109
40,0,110
40,1,110
40,2,114
40,3,114
40,2,115
40,3,115
40,4,115
40,5,115
40,6,116
40,7,116
40,0,117
40,1,117
40,2,121
40,3,121
40,4,121
40,5,121
40,6,121
40,7,121
40,0,122
40,1,122
40,2,122
40,3,122
40,0,124
40,1,124
40,2,128
40,3,128
40,4,128
40,5,128
40,6,128
40,7,128
40,0,129
40,1,129
40,2,129
40,3,129
40,4,130
40,5,130
40,6,130
40,7,130
40,0,131
40,1,131
40,2,131
40,3,131
40,4,135
40,5,135
40,6,135
40,7,135
40,0,136
40,1,136
40,2,136
40,3,136
40,6,136
40,7,136
40,2,137
40,3,137
40,4,137
40,5,137
40,6,137
40,7,137
40,0,138
40,1,138
40,4,142
40,5,142
40,6,142
40,7,142
40,0,143
40,1,143
40,2,143
40,3,143
40,4,143
40,5,143
40,6,143
40,7,143
40,0,144
40,1,144
40,2,144
40,3,144
40,4,144
40,5,144
40,6,144
40,7,144
41,0,18
41,1,18
41,2,18
41,3,18
41,4,18
41,5,18
41,2,24
41,3,24
41,6,24
41,7,24
41,4,25
41,5,25
41,4,31
41,5,31
41,6,31
41,7,31
41,2,38
41,3,38
41,0,45
41,1,45
41,0,52
41,1,52
41,6,58
41,7,58
41,0,59
41,1,59
41,4,65
41,5,65
41,2,72
41,3,72
41,4,72
41,5,72
41,2,79
41,3,79
41,4,79
41,5,79
41,2,86
41,3,86
41,2,93
41,3,93
41,2,100
41,3,100
41,0,102
41,1,102
41,2,102
41,3,102
41,4,102
41,5,102
41,6,102
41,7,102
41,2,107
41,3,107
41,4,108
41,5,108
41,6,108
41,7,108
41,0,109
41,1,109
41,2,109
41,3,109
41,4,109
41,5,109
41,6,109
41,7,109
41,0,110
41,1,110
41,2,114
41,3,114
41,4,114
41,5,114
41,2,115
41,3,115
41,4,115
41,5,115
41,6,115
41,7,115
41,6,116
41,7,116
41,0,117
41,1,117
41,2,121
41,3,121
41,4,121
41,5,121
41,6,121
41,7,121
41,0,122
41,1,122
41,0,124
41,1,124
41,2,124
41,3,124
41,4,128
41,5,128
41,6,128
41,7,128
41,0,129
41,1,129
41,0,131
41,1,131
41,2,131
41,3,131
41,6,135
41,7,135
41,0,136
41,1,136
41,2,136
41,3,136
41,2,137
41,3,137
41,4,137
41,5,137
41,6,137
41,7,137
41,0,138
41,1,138
41,0,143
41,1,143
41,2,143
41,3,143
41,4,143
41,5,143
41,6,143
41,7,143
41,0,144
41,1,144
41,2,144
41,3,144
41,4,144
41,5,144
41,6,144
41,7,144
41,0,145
41,1,145
41,6,149
41,7,149
41,0,150
41,1,150
41,2,150
41,3,150
41,4,150
41,5,150
42,2,18
42,3,18
42,4,18
42,5,18
42,6,24
42,7,24
42,0,25
42,1,25
42,4,31
42,5,31
42,6,31
42,7,31
42,0,38
42,1,38
42,4,38
42,5,38
42,6,38
42,7,38
42,6,44
42,7,44
42,0,45
42,1,45
42,2,45
42,3,45
42,4,45
42,5,45
42,6,51
42,7,51
42,0,52
42,1,52
42,4,58
42,5,58
42,6,58
42,7,58
42,0,59
42,1,59
42,4,65
42,5,65
42,6,65
42,7,65
42,2,72
42,3,72
42,4,72
42,5,72
42,2,79
42,3,79
42,4,79
42,5,79
42,2,86
42,3,86
42,0,93
42,1,93
42,2,93
42,3,93
42,4,93
42,5,93
42,0,100
42,1,100
42,2,100
42,3,100
42,4,101
42,5,101
42,0,102
42,1,102
42,2,102
42,3,102
42,4,102
42,5,102
42,6,102
42,7,102
42,2,107
42,3,107
42,4,108
42,5,108
42,6,108
42,7,108
42,0,109
42,1,109
42,2,109
42,3,109
42,4,109
42,5,109
42,6,109
42,7,109
42,0,110
42,1,110
42,0,114
42,1,114
42,2,114
42,3,114
42,4,114
42,5,114
42,6,115
42,7,115
42,6,116
42,7,116
42,0,117
42,1,117
42,2,117
42,3,117
42,2,121
42,3,121
42,4,121
42,5,121
42,6,121
42,7,121
42,0,122
42,1,122
42,6,123
42,7,123
42,0,124
42,1,124
42,4,128
42,5,128
42,6,128
42,7,128
42,0,129
42,1,129
42,2,129
42,3,129
42,4,130
42,5,130
42,0,131
42,1,131
42,6,135
42,7,135
42,0,136
42,1,136
42,2,136
42,3,136
42,4,136
42,5,136
42,2,137
42,3,137
42,4,137
42,5,137
42,6,137
42,7,137
42,6,142
42,7,142
42,0,143
42,1,143
42,2,143
42,3,143
42,4,143
42,5,143
42,6,143
42,7,143
42,0,144
42,1,144
42,2,144
42,3,144
42,4,144
42,5,144
42,6,144
42,7,144
43,2,18
43,3,18
43,4,18
43,5,18
43,4,24
43,5,24
43,6,24
43,7,24
43,0,25
43,1,25
43,2,25
43,3,25
43,4,31
43,5,31
43,6,31
43,7,31
43,4,38
43,5,38
43,0,45
43,1,45
43,2,45
43,3,45
43,0,52
43,1,52
43,2,52
43,3,52
43,4,58
43,5,58
43,6,58
43,7,58
43,0,59
43,1,59
43,4,65
43,5,65
43,6,65
43,7,65
43,0,66
43,1,66
43,2,72
43,3,72
43,4,72
43,5,72
43,2,79
43,3,79
43,4,79
43,5,79
43,6,79
43,7,79
43,2,86
43,3,86
43,2,93
43,3,93
43,0,95
43,1,95
43,2,100
43,3,100
43,0,102
43,1,102
43,2,102
43,3,102
43,4,102
43,5,102
43,2,107
43,3,107
43,4,107
43,5,107
43,4,108
43,5,108
43,6,108
43,7,108
43,0,109
43,1,109
43,2,109
43,3,109
43,4,109
43,5,109
43,6,109
43,7,109
43,2,114
43,3,114
43,0,115
43,1,115
43,2,115
43,3,115
43,4,115
43,5,115
43,6,116
43,7,116
43,0,117
43,1,117
43,0,121
43,1,121
43,2,121
43,3,121
43,4,121
43,5,121
43,6,121
43,7,121
43,0,122
43,1,122
43,2,122
43,3,122
43,6,123
43,7,123
43,0,124
43,1,124
43,4,128
43,5,128
43,6,128
43,7,128
43,0,129
43,1,129
43,2,129
43,3,129
43,4,130
43,5,130
43,6,130
43,7,130
43,0,131
43,1,131
43,2,131
43,3,131
43,6,135
43,7,135
43,0,136
43,1,136
43,6,136
43,7,136
43,0,137
43,1,137
43,2,137
43,3,137
43,4,137
43,5,137
43,6,137
43,7,137
43,0,138
43,1,138
43,6,142
43,7,142
43,0,143
43,1,143
43,2,143
43,3,143
43,4,143
43,5,143
43,6,143
43,7,143
43,0,144
43,1,144
43,2,144
43,3,144
43,4,144
43,5,144
43,0,150
43,1,150
43,2,150
43,3,150
43,4,150
43,5,150
43,0,151
43,1,151
44,0,18
44,1,18
44,2,18
44,3,18
44,4,18
44,5,18
44,4,24
44,5,24
44,6,24
44,7,24
44,4,31
44,5,31
44,6,31
44,7,31
44,0,32
44,1,32
44,0,38
44,1,38
44,2,38
44,3,38
44,4,38
44,5,38
44,6,38
44,7,38
44,0,45
44,1,45
44,2,45
44,3,45
44,0,52
44,1,52
44,2,52
44,3,52
44,6,58
44,7,58
44,0,59
44,1,59
44,4,65
44,5,65
44,6,65
44,7,65
44,0,66
44,1,66
44,4,72
44,5,72
44,6,72
44,7,72
44,2,79
44,3,79
44,4,79
44,5,79
44,2,86
44,3,86
44,2,93
44,3,93
44,4,93
44,5,93
44,4,95
44,5,95
44,2,100
44,3,100
44,0,102
44,1,102
44,2,102
44,3,102
44,4,102
44,5,102
44,0,103
44,1,103
44,0,107
44,1,107
44,2,107
44,3,107
44,4,108
44,5,108
44,6,108
44,7,108
44,0,109
44,1,109
44,2,109
44,3,109
44,4,109
44,5,109
44,6,109
44,7,109
44,0,110
44,1,110
44,2,114
44,3,114
44,4,114
44,5,114
44,0,115
44,1,115
44,2,115
44,3,115
44,4,115
44,5,115
44,6,115
44,7,115
44,6,116
44,7,116
44,0,117
44,1,117
44,2,117
44,3,117
44,2,121
44,3,121
44,4,121
44,5,121
44,6,121
44,7,121
44,0,122
44,1,122
44,2,122
44,3,122
44,6,123
44,7,123
44,0,124
44,1,124
44,4,128
44,5,128
44,6,128
44,7,128
44,0,129
44,1,129
44,6,130
44,7,130
44,0,131
44,1,131
44,4,135
44,5,135
44,0,136
44,1,136
44,2,136
44,3,136
44,4,136
44,5,136
44,6,136
44,7,136
44,0,137
44,1,137
44,2,137
44,3,137
44,4,137
44,5,137
44,6,137
44,7,137
44,0,138
44,1,138
44,6,142
44,7,142
44,0,143
44,1,143
44,2,143
44,3,143
44,4,143
44,5,143
44,6,143
44,7,143
44,0,144
44,1,144
44,2,144
44,3,144
44,4,144
44,5,144
44,0,150
44,1,150
44,4,150
44,5,150
45,6,17
45,7,17
45,2,18
45,3,18
45,4,18
45,5,18
45,4,24
45,5,24
45,6,24
45,7,24
45,0,25
45,1,25
45,2,25
45,3,25
45,4,25
45,5,25
45,4,31
45,5,31
45,6,31
45,7,31
45,2,38
45,3,38
45,4,38
45,5,38
45,2,45
45,3,45
45,0,52
45,1,52
45,2,52
45,3,52
45,4,58
45,5,58
45,6,58
45,7,58
45,4,65
45,5,65
45,6,65
45,7,65
45,4,72
45,5,72
45,2,79
45,3,79
45,4,79
45,5,79
45,2,86
45,3,86
45,4,86
45,5,86
45,0,93
45,1,93
45,2,93
45,3,93
45,0,100
45,1,100
45,2,100
45,3,100
45,4,101
45,5,101
45,6,101
45,7,101
45,0,102
45,1,102
45,2,102
45,3,102
45,4,102
45,5,102
45,6,102
45,7,102
45,2,107
45,3,107
45,4,107
45,5,107
45,4,108
45,5,108
45,6,108
45,7,108
45,0,109
45,1,109
45,2,109
45,3,109
45,4,109
45,5,109
45,6,109
45,7,109
45,2,114
45,3,114
45,4,114
45,5,114
45,2,115
45,3,115
45,4,115
45,5,115
45,6,115
45,7,115
45,6,116
45,7,116
45,0,117
45,1,117
45,2,117
45,3,117
45,2,121
45,3,121
45,4,121
45,5,121
45,6,121
45,7,121
45,0,122
45,1,122
45,2,122
45,3,122
45,0,124
45,1,124
45,2,124
45,3,124
45,4,128
45,5,128
45,6,128
45,7,128
45,0,129
45,1,129
45,2,129
45,3,129
45,6,130
45,7,130
45,0,131
45,1,131
45,4,135
45,5,135
45,6,135
45,7,135
45,0,136
45,1,136
45,2,136
45,3,136
45,4,136
45,5,136
45,6,136
45,7,136
45,0,137
45,1,137
45,2,137
45,3,137
45,4,137
45,5,137
45,6,137
45,7,137
45,0,138
45,1,138
45,6,142
45,7,142
45,0,143
45,1,143
45,2,143
45,3,143
45,4,143
45,5,143
45,6,143
45,7,143
45,0,144
45,1,144
45,2,150
45,3,150
45,4,150
45,5,150
45,6,150
45,7,150
46,2,18
46,3,18
46,4,24
46,5,24
46,6,24
46,7,24
46,0,25
46,1,25
46,2,25
46,3,25
46,4,25
46,5,25
46,4,31
46,5,31
46,6,31
46,7,31
46,2,38
46,3,38
46,4,38
46,5,38
46,0,45
46,1,45
46,2,45
46,3,45
46,6,51
46,7,51
46,2,52
46,3,52
46,4,58
46,5,58
46,6,58
46,7,58
46,0,59
46,1,59
46,4,65
46,5,65
46,0,66
46,1,66
46,4,72
46,5,72
46,2,79
46,3,79
46,4,79
46,5,79
46,0,86
46,1,86
46,2,86
46,3,86
46,2,93
46,3,93
46,0,100
46,1,100
46,2,100
46,3,100
46,6,101
46,7,101
46,0,102
46,1,102
46,2,102
46,3,102
46,4,102
46,5,102
46,6,102
46,7,102
46,2,107
46,3,107
46,4,108
46,5,108
46,6,108
46,7,108
46,2,109
46,3,109
46,4,109
46,5,109
46,6,109
46,7,109
46,0,110
46,1,110
46,2,114
46,3,114
46,2,115
46,3,115
46,4,115
46,5,115
46,6,115
46,7,115
46,6,116
46,7,116
46,0,117
46,1,117
46,2,121
46,3,121
46,4,121
46,5,121
46,6,121
46,7,121
46,0,122
46,1,122
46,2,122
46,3,122
46,0,124
46,1,124
46,2,128
46,3,128
46,4,128
46,5,128
46,6,128
46,7,128
46,0,129
46,1,129
46,2,129
46,3,129
46,6,130
46,7,130
46,0,131
46,1,131
46,4,135
46,5,135
46,6,135
46,7,135
46,0,136
46,1,136
46,2,136
46,3,136
46,4,136
46,5,136
46,6,136
46,7,136
46,0,137
46,1,137
46,2,137
46,3,137
46,4,137
46,5,137
46,6,137
46,7,137
46,0,138
46,1,138
46,2,138
46,3,138
46,6,142
46,7,142
46,0,143
46,1,143
46,2,143
46,3,143
46,4,143
46,5,143
46,6,143
46,7,143
46,0,144
46,1,144
46,2,144
46,3,144
46,4,144
46,5,144
46,6,149
46,7,149
46,0,150
46,1,150
46,4,150
46,5,150
46,0,151
46,1,151
47,2,18
47,3,18
47,4,18
47,5,18
47,4,24
47,5,24
47,6,24
47,7,24
47,0,25
47,1,25
47,2,25
47,3,25
47,4,31
47,5,31
47,6,31
47,7,31
47,0,32
47,1,32
47,2,38
47,3,38
47,4,38
47,5,38
47,6,38
47,7,38
47,0,45
47,1,45
47,2,45
47,3,45
47,6,51
47,7,51
47,0,52
47,1,52
47,2,52
47,3,52
47,4,58
47,5,58
47,6,58
47,7,58
47,6,65
47,7,65
47,2,72
47,3,72
47,4,72
47,5,72
47,0,79
47,1,79
47,2,79
47,3,79
47,4,79
47,5,79
47,6,79
47,7,79
47,2,86
47,3,86
47,2,93
47,3,93
47,4,93
47,5,93
47,0,100
47,1,100
47,2,100
47,3,100
47,0,102
47,1,102
47,2,102
47,3,102
47,4,102
47,5,102
47,0,107
47,1,107
47,2,107
47,3,107
47,4,108
47,5,108
47,6,108
47,7,108
47,0,109
47,1,109
47,2,109
47,3,109
47,4,109
47,5,109
47,6,109
47,7,109
47,2,114
47,3,114
47,4,114
47,5,114
47,2,115
47,3,115
47,4,115
47,5,115
47,6,115
47,7,115
47,6,116
47,7,116
47,0,117
47,1,117
47,2,121
47,3,121
47,4,121
47,5,121
47,6,121
47,7,121
47,0,122
47,1,122
47,2,122
47,3,122
47,0,124
47,1,124
47,4,128
47,5,128
47,6,128
47,7,128
47,0,129
47,1,129
47,6,130
47,7,130
47,0,131
47,1,131
47,6,135
47,7,135
47,0,136
47,1,136
47,2,136
47,3,136
47,4,136
47,5,136
47,6,136
47,7,136
47,2,137
47,3,137
47,4,137
47,5,137
47,6,137
47,7,137
47,0,138
47,1,138
47,4,142
47,5,142
47,6,142
47,7,142
47,0,143
47,1,143
47,2,143
47,3,143
47,4,143
47,5,143
47,6,143
47,7,143
47,0,144
47,1,144
47,6,149
47,7,149
47,0,150
47,1,150
47,2,150
47,3,150
47,4,150
47,5,150
48,6,17
48,7,17
48,2,18
48,3,18
48,6,24
48,7,24
48,0,25
48,1,25
48,2,25
48,3,25
48,4,31
48,5,31
48,6,31
48,7,31
48,2,38
48,3,38
48,4,38
48,5,38
48,2,45
48,3,45
48,0,52
48,1,52
48,2,52
48,3,52
48,4,58
48,5,58
48,6,58
48,7,58
48,0,59
48,1,59
48,4,65
48,5,65
48,0,66
48,1,66
48,4,72
48,5,72
48,2,79
48,3,79
48,4,79
48,5,79
48,6,79
48,7,79
48,2,86
48,3,86
48,4,86
48,5,86
48,0,93
48,1,93
48,2,93
48,3,93
48,4,93
48,5,93
48,2,100
48,3,100
48,6,101
48,7,101
48,2,102
48,3,102
48,4,102
48,5,102
48,2,107
48,3,107
48,4,108
48,5,108
48,6,108
48,7,108
48,0,109
48,1,109
48,2,109
48,3,109
48,4,109
48,5,109
48,6,109
48,7,109
48,0,114
48,1,114
48,2,114
48,3,114
48,4,114
48,5,114
48,2,115
48,3,115
48,4,115
48,5,115
48,6,115
48,7,115
48,0,116
48,1,116
48,6,116
48,7,116
48,0,117
48,1,117
48,2,121
48,3,121
48,4,121
48,5,121
48,6,121
48,7,121
48,0,122
48,1,122
48,2,122
48,3,122
48,6,123
48,7,123
48,0,124
48,1,124
48,4,128
48,5,128
48,6,128
48,7,128
48,0,129
48,1,129
48,2,129
48,3,129
48,4,130
48,5,130
48,6,130
48,7,130
48,0,131
48,1,131
48,4,135
48,5,135
48,6,135
48,7,135
48,0,136
48,1,136
48,2,136
48,3,136
48,4,136
48,5,136
48,6,136
48,7,136
48,0,137
48,1,137
48,2,137
48,3,137
48,4,137
48,5,137
48,6,137
48,7,137
48,0,138
48,1,138
48,6,142
48,7,142
48,0,143
48,1,143
48,2,143
48,3,143
48,4,143
48,5,143
48,6,143
48,7,143
48,0,144
48,1,144
48,2,144
48,3,144
48,4,144
48,5,144
48,0,150
48,1,150
48,4,150
48,5,150
49,2,18
49,3,18
49,4,18
49,5,18
49,6,24
49,7,24
49,0,25
49,1,25
49,4,31
49,5,31
49,6,31
49,7,31
49,2,38
49,3,38
49,4,38
49,5,38
49,0,45
49,1,45
49,2,45
49,3,45
49,0,52
49,1,52
49,4,58
49,5,58
49,6,58
49,7,58
49,0,59
49,1,59
49,4,65
49,5,65
49,6,65
49,7,65
49,4,72
49,5,72
49,6,72
49,7,72
49,2,79
49,3,79
49,4,79
49,5,79
49,2,86
49,3,86
49,4,86
49,5,86
49,0,93
49,1,93
49,2,93
49,3,93
49,2,100
49,3,100
49,4,101
49,5,101
49,0,102
49,1,102
49,2,102
49,3,102
49,4,102
49,5,102
49,6,102
49,7,102
49,0,107
49,1,107
49,2,107
49,3,107
49,4,107
49,5,107
49,4,108
49,5,108
49,6,108
49,7,108
49,0,109
49,1,109
49,2,109
49,3,109
49,4,109
49,5,109
49,6,109
49,7,109
49,0,110
49,1,110
49,2,114
49,3,114
49,0,115
49,1,115
49,2,115
49,3,115
49,4,115
49,5,115
49,6,115
49,7,115
49,6,116
49,7,116
49,0,117
49,1,117
49,2,121
49,3,121
49,4,121
49,5,121
49,6,121
49,7,121
49,0,122
49,1,122
49,2,122
49,3,122
49,6,123
49,7,123
49,0,124
49,1,124
49,2,128
49,3,128
49,4,128
49,5,128
49,6,128
49,7,128
49,0,129
49,1,129
49,2,129
49,3,129
49,0,131
49,1,131
49,4,135
49,5,135
49,6,135
49,7,135
49,0,136
49,1,136
49,2,136
49,3,136
49,4,136
49,5,136
49,6,136
49,7,136
49,0,137
49,1,137
49,2,137
49,3,137
49,4,137
49,5,137
49,6,137
49,7,137
49,0,138
49,1,138
49,4,142
49,5,142
49,6,142
49,7,142
49,0,143
49,1,143
49,2,143
49,3,143
49,4,143
49,5,143
49,6,143
49,7,143
49,0,144
49,1,144
49,2,144
49,3,144
49,4,144
49,5,144
49,2,150
49,3,150
50,2,18
50,3,18
50,4,18
50,5,18
50,6,24
50,7,24
50,0,25
50,1,25
50,4,31
50,5,31
50,6,31
50,7,31
50,0,32
50,1,32
50,2,38
50,3,38
50,4,38
50,5,38
50,0,45
50,1,45
50,2,45
50,3,45
50,4,45
50,5,45
50,0,52
50,1,52
50,2,52
50,3,52
50,6,58
50,7,58
50,0,59
50,1,59
50,4,65
50,5,65
50,6,65
50,7,65
50,4,72
50,5,72
50,6,72
50,7,72
50,0,79
50,1,79
50,2,79
50,3,79
50,4,79
50,5,79
50,6,79
50,7,79
50,2,86
50,3,86
50,2,93
50,3,93
50,4,93
50,5,93
50,0,100
50,1,100
50,2,100
50,3,100
50,4,100
50,5,100
50,4,101
50,5,101
50,6,101
50,7,101
50,0,102
50,1,102
50,2,102
50,3,102
50,4,102
50,5,102
50,2,107
50,3,107
50,4,107
50,5,107
50,4,108
50,5,108
50,6,108
50,7,108
50,0,109
50,1,109
50,2,109
50,3,109
50,4,109
50,5,109
50,6,109
50,7,109
50,0,110
50,1,110
50,2,114
50,3,114
50,2,115
50,3,115
50,4,115
50,5,115
50,6,116
50,7,116
50,0,117
50,1,117
50,2,121
50,3,121
50,4,121
50,5,121
50,6,121
50,7,121
50,0,122
50,1,122
50,2,122
50,3,122
50,4,122
50,5,122
50,0,124
50,1,124
50,4,128
50,5,128
50,6,128
50,7,128
50,0,129
50,1,129
50,2,129
50,3,129
50,4,130
50,5,130
50,6,130
50,7,130
50,0,131
50,1,131
50,2,131
50,3,131
50,4,135
50,5,135
50,6,135
50,7,135
50,0,136
50,1,136
50,2,137
50,3,137
50,4,137
50,5,137
50,6,137
50,7,137
50,0,138
50,1,138
50,0,143
50,1,143
50,2,143
50,3,143
50,4,143
50,5,143
50,6,143
50,7,143
50,0,144
50,1,144
50,2,144
50,3,144
50,2,150
50,3,150
50,4,150
50,5,150
51,6,17
51,7,17
51,0,18
51,1,18
51,2,18
51,3,18
51,4,18
51,5,18
51,6,24
51,7,24
51,0,25
51,1,25
51,4,31
51,5,31
51,6,31
51,7,31
51,2,38
51,3,38
51,4,38
51,5,38
51,2,45
51,3,45
51,4,45
51,5,45
51,0,52
51,1,52
51,2,52
51,3,52
51,4,58
51,5,58
51,6,58
51,7,58
51,0,59
51,1,59
51,4,65
51,5,65
51,6,65
51,7,65
51,4,72
51,5,72
51,0,79
51,1,79
51,2,79
51,3,79
51,2,86
51,3,86
51,0,93
51,1,93
51,2,93
51,3,93
51,2,100
51,3,100
51,6,101
51,7,101
51,0,102
51,1,102
51,2,102
51,3,102
51,4,102
51,5,102
51,2,107
51,3,107
51,4,108
51,5,108
51,6,108
51,7,108
51,0,109
51,1,109
51,2,109
51,3,109
51,4,109
51,5,109
51,6,109
51,7,109
51,0,110
51,1,110
51,2,114
51,3,114
51,4,114
51,5,114
51,2,115
51,3,115
51,4,115
51,5,115
51,6,115
51,7,115
51,6,116
51,7,116
51,0,117
51,1,117
51,2,121
51,3,121
51,4,121
51,5,121
51,6,121
51,7,121
51,0,122
51,1,122
51,2,122
51,3,122
51,6,123
51,7,123
51,0,124
51,1,124
51,4,128
51,5,128
51,6,128
51,7,128
51,0,129
51,1,129
51,2,129
51,3,129
51,4,130
51,5,130
51,6,130
51,7,130
51,0,131
51,1,131
51,2,131
51,3,131
51,4,135
51,5,135
51,6,135
51,7,135
51,0,136
51,1,136
51,2,136
51,3,136
51,6,136
51,7,136
51,0,137
51,1,137
51,2,137
51,3,137
51,4,137
51,5,137
51,6,137
51,7,137
51,0,138
51,1,138
51,4,142
51,5,142
51,6,142
51,7,142
51,0,143
51,1,143
51,2,143
51,3,143
51,4,143
51,5,143
51,6,143
51,7,143
51,0,144
51,1,144
51,2,144
51,3,144
51,4,150
51,5,150
52,2,18
52,3,18
52,4,18
52,5,18
52,6,24
52,7,24
52,0,25
52,1,25
52,4,31
52,5,31
52,2,38
52,3,38
52,4,38
52,5,38
52,6,38
52,7,38
52,6,44
52,7,44
52,0,45
52,1,45
52,2,45
52,3,45
52,4,45
52,5,45
52,0,52
52,1,52
52,2,52
52,3,52
52,6,58
52,7,58
52,4,65
52,5,65
52,6,65
52,7,65
52,4,72
52,5,72
52,2,79
52,3,79
52,4,79
52,5,79
52,6,79
52,7,79
52,2,86
52,3,86
52,4,86
52,5,86
52,2,93
52,3,93
52,0,100
52,1,100
52,2,100
52,3,100
52,0,102
52,1,102
52,2,102
52,3,102
52,4,102
52,5,102
52,6,102
52,7,102
52,2,107
52,3,107
52,4,107
52,5,107
52,4,108
52,5,108
52,6,108
52,7,108
52,0,109
52,1,109
52,2,109
52,3,109
52,4,109
52,5,109
52,6,109
52,7,109
52,2,114
52,3,114
52,4,114
52,5,114
52,4,115
52,5,115
52,6,115
52,7,115
52,2,116
52,3,116
52,0,117
52,1,117
52,2,117
52,3,117
52,0,121
52,1,121
52,2,121
52,3,121
52,4,121
52,5,121
52,6,121
52,7,121
52,0,122
52,1,122
52,2,122
52,3,122
52,4,122
52,5,122
52,6,123
52,7,123
52,0,124
52,1,124
52,2,128
52,3,128
52,4,128
52,5,128
52,6,128
52,7,128
52,0,129
52,1,129
52,2,129
52,3,129
52,6,130
52,7,130
52,0,131
52,1,131
52,2,131
52,3,131
52,4,135
52,5,135
52,6,135
52,7,135
52,0,136
52,1,136
52,2,136
52,3,136
52,4,136
52,5,136
52,6,136
52,7,136
52,0,137
52,1,137
52,2,137
52,3,137
52,4,137
52,5,137
52,6,137
52,7,137
52,0,138
52,1,138
52,6,142
52,7,142
52,0,143
52,1,143
52,2,143
52,3,143
52,4,143
52,5,143
52,6,143
52,7,143
52,0,144
52,1,144
52,4,150
52,5,150
52,0,151
52,1,151
53,0,18
53,1,18
53,2,18
53,3,18
53,4,18
53,5,18
53,6,24
53,7,24
53,0,25
53,1,25
53,4,31
53,5,31
53,6,31
53,7,31
53,2,38
53,3,38
53,4,38
53,5,38
53,0,45
53,1,45
53,2,45
53,3,45
53,4,51
53,5,51
53,6,51
53,7,51
53,0,52
53,1,52
53,6,58
53,7,58
53,0,59
53,1,59
53,4,65
53,5,65
53,6,65
53,7,65
53,4,72
53,5,72
53,2,79
53,3,79
53,4,79
53,5,79
53,2,86
53,3,86
53,4,86
53,5,86
53,0,93
53,1,93
53,2,93
53,3,93
53,4,93
53,5,93
53,0,100
53,1,100
53,2,100
53,3,100
53,6,101
53,7,101
53,0,102
53,1,102
53,2,102
53,3,102
53,4,102
53,5,102
53,2,107
53,3,107
53,4,108
53,5,108
53,6,108
53,7,108
53,0,109
53,1,109
53,2,109
53,3,109
53,4,109
53,5,109
53,6,109
53,7,109
53,0,110
53,1,110
53,2,114
53,3,114
53,4,114
53,5,114
53,2,115
53,3,115
53,4,115
53,5,115
53,6,115
53,7,115
53,6,116
53,7,116
53,0,117
53,1,117
53,2,121
53,3,121
53,4,121
53,5,121
53,6,121
53,7,121
53,0,122
53,1,122
53,2,122
53,3,122
53,6,123
53,7,123
53,0,124
53,1,124
53,4,128
53,5,128
53,6,128
53,7,128
53,0,129
53,1,129
53,2,129
53,3,129
53,6,130
53,7,130
53,0,131
53,1,131
53,4,135
53,5,135
53,6,135
53,7,135
53,0,136
53,1,136
53,2,136
53,3,136
53,4,136
53,5,136
53,6,136
53,7,136
53,0,137
53,1,137
53,2,137
53,3,137
53,4,137
53,5,137
53,6,137
53,7,137
53,6,142
53,7,142
53,0,143
53,1,143
53,2,143
53,3,143
53,4,143
53,5,143
53,6,143
53,7,143
53,0,144
53,1,144
53,0,150
53,1,150
53,2,150
53,3,150
54,2,18
54,3,18
54,4,18
54,5,18
54,6,24
54,7,24
54,0,25
54,1,25
54,2,25
54,3,25
54,4,31
54,5,31
54,6,31
54,7,31
54,0,32
54,1,32
54,4,38
54,5,38
54,6,38
54,7,38
54,0,45
54,1,45
54,2,45
54,3,45
54,6,51
54,7,51
54,0,52
54,1,52
54,6,58
54,7,58
54,4,65
54,5,65
54,6,65
54,7,65
54,4,72
54,5,72
54,0,79
54,1,79
54,2,79
54,3,79
54,4,79
54,5,79
54,2,86
54,3,86
54,4,86
54,5,86
54,0,93
54,1,93
54,2,93
54,3,93
54,0,100
54,1,100
54,2,100
54,3,100
54,0,102
54,1,102
54,2,102
54,3,102
54,4,102
54,5,102
54,6,102
54,7,102
54,2,107
54,3,107
54,4,107
54,5,107
54,4,108
54,5,108
54,6,108
54,7,108
54,0,109
54,1,109
54,2,109
54,3,109
54,4,109
54,5,109
54,6,109
54,7,109
54,0,110
54,1,110
54,0,114
54,1,114
54,2,114
54,3,114
54,4,114
54,5,114
54,0,115
54,1,115
54,2,115
54,3,115
54,4,115
54,5,115
54,6,115
54,7,115
54,6,116
54,7,116
54,0,117
54,1,117
54,2,121
54,3,121
54,4,121
54,5,121
54,6,121
54,7,121
54,0,122
54,1,122
54,2,122
54,3,122
54,0,124
54,1,124
54,2,124
54,3,124
54,2,128
54,3,128
54,4,128
54,5,128
54,6,128
54,7,128
54,0,129
54,1,129
54,2,129
54,3,129
54,6,130
54,7,130
54,0,131
54,1,131
54,4,135
54,5,135
54,6,135
54,7,135
54,0,136
54,1,136
54,2,136
54,3,136
54,4,136
54,5,136
54,6,136
54,7,136
54,0,137
54,1,137
54,2,137
54,3,137
54,4,137
54,5,137
54,6,137
54,7,137
54,0,138
54,1,138
54,4,142
54,5,142
54,6,142
54,7,142
54,0,143
54,1,143
54,2,143
54,3,143
54,4,143
54,5,143
54,6,143
54,7,143
54,0,144
54,1,144
54,2,144
54,3,144
54,4,150
54,5,150
55,0,18
55,1,18
55,2,18
55,3,18
55,4,18
55,5,18
55,6,24
55,7,24
55,2,25
55,3,25
55,4,31
55,5,31
55,6,31
55,7,31
55,0,32
55,1,32
55,2,38
55,3,38
55,4,38
55,5,38
55,6,38
55,7,38
55,0,45
55,1,45
55,2,45
55,3,45
55,0,52
55,1,52
55,2,52
55,3,52
55,4,58
55,5,58
55,6,58
55,7,58
55,0,59
55,1,59
55,4,65
55,5,65
55,6,65
55,7,65
55,2,72
55,3,72
55,4,72
55,5,72
55,0,79
55,1,79
55,2,79
55,3,79
55,4,79
55,5,79
55,0,86
55,1,86
55,2,86
55,3,86
55,0,93
55,1,93
55,2,93
55,3,93
55,2,100
55,3,100
55,0,102
55,1,102
55,2,102
55,3,102
55,4,102
55,5,102
55,6,102
55,7,102
55,2,107
55,3,107
55,6,108
55,7,108
55,0,109
55,1,109
55,2,109
55,3,109
55,4,109
55,5,109
55,6,109
55,7,109
55,0,110
55,1,110
55,2,114
55,3,114
55,4,114
55,5,114
55,0,115
55,1,115
55,2,115
55,3,115
55,4,115
55,5,115
55,6,115
55,7,115
55,6,116
55,7,116
55,0,117
55,1,117
55,4,121
55,5,121
55,6,121
55,7,121
55,0,122
55,1,122
55,2,122
55,3,122
55,6,123
55,7,123
55,0,124
55,1,124
55,4,128
55,5,128
55,6,128
55,7,128
55,0,129
55,1,129
55,4,130
55,5,130
55,6,130
55,7,130
55,0,131
55,1,131
55,4,135
55,5,135
55,6,135
55,7,135
55,0,136
55,1,136
55,2,136
55,3,136
55,4,136
55,5,136
55,0,137
55,1,137
55,2,137
55,3,137
55,4,137
55,5,137
55,6,137
55,7,137
55,6,142
55,7,142
55,0,143
55,1,143
55,2,143
55,3,143
55,4,143
55,5,143
55,6,143
55,7,143
55,0,144
55,1,144
55,2,144
55,3,144
55,4,144
55,5,144
55,0,150
55,1,150
55,4,150
55,5,150
55,6,150
55,7,150
56,2,18
56,3,18
56,6,24
56,7,24
56,2,25
56,3,25
56,4,31
56,5,31
56,6,31
56,7,31
56,2,38
56,3,38
56,0,45
56,1,45
56,2,45
56,3,45
56,4,45
56,5,45
56,0,52
56,1,52
56,2,52
56,3,52
56,6,58
56,7,58
56,0,59
56,1,59
56,4,65
56,5,65
56,6,65
56,7,65
56,2,72
56,3,72
56,4,72
56,5,72
56,2,79
56,3,79
56,4,79
56,5,79
56,0,86
56,1,86
56,2,86
56,3,86
56,4,86
56,5,86
56,0,93
56,1,93
56,2,93
56,3,93
56,0,100
56,1,100
56,2,100
56,3,100
56,6,101
56,7,101
56,0,102
56,1,102
56,2,102
56,3,102
56,4,102
56,5,102
56,6,102
56,7,102
56,2,107
56,3,107
56,4,108
56,5,108
56,6,108
56,7,108
56,0,109
56,1,109
56,2,109
56,3,109
56,4,109
56,5,109
56,6,109
56,7,109
56,2,114
56,3,114
56,0,115
56,1,115
56,2,115
56,3,115
56,6,115
56,7,115
56,6,116
56,7,116
56,0,117
56,1,117
56,0,121
56,1,121
56,2,121
56,3,121
56,4,121
56,5,121
56,6,121
56,7,121
56,0,122
56,1,122
56,2,122
56,3,122
56,4,122
56,5,122
56,6,123
56,7,123
56,0,124
56,1,124
56,2,128
56,3,128
56,4,128
56,5,128
56,6,128
56,7,128
56,0,129
56,1,129
56,2,129
56,3,129
56,4,130
56,5,130
56,6,130
56,7,130
56,0,131
56,1,131
56,2,131
56,3,131
56,6,135
56,7,135
56,0,136
56,1,136
56,2,136
56,3,136
56,4,136
56,5,136
56,0,137
56,1,137
56,2,137
56,3,137
56,4,137
56,5,137
56,6,137
56,7,137
56,0,138
56,1,138
56,6,142
56,7,142
56,0,143
56,1,143
56,2,143
56,3,143
56,4,143
56,5,143
56,6,143
56,7,143
56,0,144
56,1,144
56,2,144
56,3,144
56,0,150
56,1,150
56,2,150
56,3,150
56,4,150
56,5,150
56,6,150
56,7,150
57,0,18
57,1,18
57,2,18
57,3,18
57,4,18
57,5,18
57,6,24
57,7,24
57,0,25
57,1,25
57,4,31
57,5,31
57,6,31
57,7,31
57,4,38
57,5,38
57,6,38
57,7,38
57,2,45
57,3,45
57,4,45
57,5,45
57,6,51
57,7,51
57,0,52
57,1,52
57,4,58
57,5,58
57,6,58
57,7,58
57,0,59
57,1,59
57,2,59
57,3,59
57,4,65
57,5,65
57,6,65
57,7,65
57,2,72
57,3,72
57,4,72
57,5,72
57,2,79
57,3,79
57,4,79
57,5,79
57,2,86
57,3,86
57,4,86
57,5,86
57,2,93
57,3,93
57,4,93
57,5,93
57,0,100
57,1,100
57,2,100
57,3,100
57,0,102
57,1,102
57,2,102
57,3,102
57,4,102
57,5,102
57,6,102
57,7,102
57,0,107
57,1,107
57,2,107
57,3,107
57,2,108
57,3,108
57,4,108
57,5,108
57,6,108
57,7,108
57,0,109
57,1,109
57,2,109
57,3,109
57,4,109
57,5,109
57,6,109
57,7,109
57,2,114
57,3,114
57,4,114
57,5,114
57,0,115
57,1,115
57,2,115
57,3,115
57,4,115
57,5,115
57,6,115
57,7,115
57,6,116
57,7,116
57,0,117
57,1,117
57,0,121
57,1,121
57,2,121
57,3,121
57,4,121
57,5,121
57,6,121
57,7,121
57,0,122
57,1,122
57,2,122
57,3,122
57,6,123
57,7,123
57,0,124
57,1,124
57,4,128
57,5,128
57,6,128
57,7,128
57,0,129
57,1,129
57,2,129
57,3,129
57,4,130
57,5,130
57,6,130
57,7,130
57,0,131
57,1,131
57,2,131
57,3,131
57,6,135
57,7,135
57,0,136
57,1,136
57,4,136
57,5,136
57,6,136
57,7,136
57,0,137
57,1,137
57,2,137
57,3,137
57,4,137
57,5,137
57,6,137
57,7,137
57,6,142
57,7,142
57,0,143
57,1,143
57,2,143
57,3,143
57,4,143
57,5,143
57,6,143
57,7,143
57,0,144
57,1,144
57,2,144
57,3,144
57,4,144
57,5,144
57,6,144
57,7,144
57,2,150
57,3,150
57,4,150
57,5,150
58,2,18
58,3,18
58,4,18
58,5,18
58,6,24
58,7,24
58,0,25
58,1,25
58,2,25
58,3,25
58,2,31
58,3,31
58,4,31
58,5,31
58,6,31
58,7,31
58,0,32
58,1,32
58,2,38
58,3,38
58,4,38
58,5,38
58,2,45
58,3,45
58,6,51
58,7,51
58,0,52
58,1,52
58,2,52
58,3,52
58,6,58
58,7,58
58,4,65
58,5,65
58,6,65
58,7,65
58,2,72
58,3,72
58,4,72
58,5,72
58,6,72
58,7,72
58,2,79
58,3,79
58,4,79
58,5,79
58,0,86
58,1,86
58,2,86
58,3,86
58,0,93
58,1,93
58,2,93
58,3,93
58,4,93
58,5,93
58,2,95
58,3,95
58,2,100
58,3,100
58,4,100
58,5,100
58,6,101
58,7,101
58,2,102
58,3,102
58,4,102
58,5,102
58,6,102
58,7,102
58,2,107
58,3,107
58,4,107
58,5,107
58,2,108
58,3,108
58,4,108
58,5,108
58,6,108
58,7,108
58,0,109
58,1,109
58,2,109
58,3,109
58,4,109
58,5,109
58,6,109
58,7,109
58,0,110
58,1,110
58,2,114
58,3,114
58,2,115
58,3,115
58,4,115
58,5,115
58,0,116
58,1,116
58,6,116
58,7,116
58,0,117
58,1,117
58,2,121
58,3,121
58,4,121
58,5,121
58,6,121
58,7,121
58,0,122
58,1,122
58,2,122
58,3,122
58,0,124
58,1,124
58,2,128
58,3,128
58,4,128
58,5,128
58,6,128
58,7,128
58,0,129
58,1,129
58,2,129
58,3,129
58,6,130
58,7,130
58,0,131
58,1,131
58,2,131
58,3,131
58,6,135
58,7,135
58,0,136
58,1,136
58,4,136
58,5,136
58,0,137
58,1,137
58,2,137
58,3,137
58,4,137
58,5,137
58,6,137
58,7,137
58,6,142
58,7,142
58,0,143
58,1,143
58,2,143
58,3,143
58,4,143
58,5,143
58,6,143
58,7,143
58,0,144
58,1,144
58,4,144
58,5,144
58,2,150
58,3,150
58,4,150
58,5,150
59,2,18
59,3,18
59,4,18
59,5,18
59,6,24
59,7,24
59,0,25
59,1,25
59,2,25
59,3,25
59,4,31
59,5,31
59,6,31
59,7,31
59,0,32
59,1,32
59,2,38
59,3,38
59,4,38
59,5,38
59,2,45
59,3,45
59,6,51
59,7,51
59,0,52
59,1,52
59,4,58
59,5,58
59,6,58
59,7,58
59,0,59
59,1,59
59,6,65
59,7,65
59,4,72
59,5,72
59,6,72
59,7,72
59,0,79
59,1,79
59,2,79
59,3,79
59,2,86
59,3,86
59,4,86
59,5,86
59,0,93
59,1,93
59,2,93
59,3,93
59,4,93
59,5,93
59,0,100
59,1,100
59,2,100
59,3,100
59,4,101
59,5,101
59,2,102
59,3,102
59,4,102
59,5,102
59,6,102
59,7,102
59,2,107
59,3,107
59,2,108
59,3,108
59,6,108
59,7,108
59,0,109
59,1,109
59,2,109
59,3,109
59,4,109
59,5,109
59,6,109
59,7,109
59,2,114
59,3,114
59,4,114
59,5,114
59,0,115
59,1,115
59,2,115
59,3,115
59,4,115
59,5,115
59,6,115
59,7,115
59,6,116
59,7,116
59,0,117
59,1,117
59,2,121
59,3,121
59,4,121
59,5,121
59,6,121
59,7,121
59,0,122
59,1,122
59,2,122
59,3,122
59,4,122
59,5,122
59,6,123
59,7,123
59,0,124
59,1,124
59,4,128
59,5,128
59,6,128
59,7,128
59,0,129
59,1,129
59,2,129
59,3,129
59,6,130
59,7,130
59,0,131
59,1,131
59,2,131
59,3,131
59,4,135
59,5,135
59,6,135
59,7,135
59,0,136
59,1,136
59,2,136
59,3,136
59,0,137
59,1,137
59,2,137
59,3,137
59,4,137
59,5,137
59,6,137
59,7,137
59,0,138
59,1,138
59,6,142
59,7,142
59,0,143
59,1,143
59,2,143
59,3,143
59,4,143
59,5,143
59,6,143
59,7,143
59,0,144
59,1,144
59,2,144
59,3,144
59,0,150
59,1,150
59,4,150
59,5,150
60,0,18
60,1,18
60,2,18
60,3,18
60,6,24
60,7,24
60,4,31
60,5,31
60,6,31
60,7,31
60,4,38
60,5,38
60,0,45
60,1,45
60,2,45
60,3,45
60,6,51
60,7,51
60,0,52
60,1,52
60,6,58
60,7,58
60,4,65
60,5,65
60,6,65
60,7,65
60,0,66
60,1,66
60,4,72
60,5,72
60,6,72
60,7,72
60,0,79
60,1,79
60,2,79
60,3,79
60,4,79
60,5,79
60,0,86
60,1,86
60,2,86
60,3,86
60,4,86
60,5,86
60,2,93
60,3,93
60,2,100
60,3,100
60,4,100
60,5,100
60,4,101
60,5,101
60,0,102
60,1,102
60,2,102
60,3,102
60,4,102
60,5,102
60,6,102
60,7,102
60,2,107
60,3,107
60,4,107
60,5,107
60,4,108
60,5,108
60,6,108
60,7,108
60,0,109
60,1,109
60,2,109
60,3,109
60,4,109
60,5,109
60,6,109
60,7,109
60,2,114
60,3,114
60,4,114
60,5,114
60,2,115
60,3,115
60,4,115
60,5,115
60,6,116
60,7,116
60,0,117
60,1,117
60,0,121
60,1,121
60,2,121
60,3,121
60,4,121
60,5,121
60,6,121
60,7,121
60,0,122
60,1,122
60,2,122
60,3,122
60,6,123
60,7,123
60,0,124
60,1,124
60,2,128
60,3,128
60,4,128
60,5,128
60,6,128
60,7,128
60,0,129
60,1,129
60,2,129
60,3,129
60,0,131
60,1,131
60,4,135
60,5,135
60,6,135
60,7,135
60,0,136
60,1,136
60,4,136
60,5,136
60,6,136
60,7,136
60,0,137
60,1,137
60,2,137
60,3,137
60,4,137
60,5,137
60,6,137
60,7,137
60,0,138
60,1,138
60,2,143
60,3,143
60,4,143
60,5,143
60,6,143
60,7,143
60,0,144
60,1,144
60,2,144
60,3,144
60,4,144
60,5,144
60,0,150
60,1,150
60,2,150
60,3,150
60,4,150
60,5,150
61,2,18
61,3,18
61,4,18
61,5,18
61,4,24
61,5,24
61,6,24
61,7,24
61,0,25
61,1,25
61,2,25
61,3,25
61,4,31
61,5,31
61,6,31
61,7,31
61,0,38
61,1,38
61,2,38
61,3,38
61,4,38
61,5,38
61,6,38
61,7,38
61,0,45
61,1,45
61,2,45
61,3,45
61,6,51
61,7,51
61,0,52
61,1,52
61,2,52
61,3,52
61,4,58
61,5,58
61,6,58
61,7,58
61,4,65
61,5,65
61,6,65
61,7,65
61,2,72
61,3,72
61,4,72
61,5,72
61,0,79
61,1,79
61,2,79
61,3,79
61,4,79
61,5,79
61,2,86
61,3,86
61,4,86
61,5,86
61,0,93
61,1,93
61,2,93
61,3,93
61,2,100
61,3,100
61,6,101
61,7,101
61,0,102
61,1,102
61,2,102
61,3,102
61,4,102
61,5,102
61,2,107
61,3,107
61,4,108
61,5,108
61,6,108
61,7,108
61,0,109
61,1,109
61,2,109
61,3,109
61,4,109
61,5,109
61,6,109
61,7,109
61,0,110
61,1,110
61,2,114
61,3,114
61,4,114
61,5,114
61,2,115
61,3,115
61,4,115
61,5,115
61,0,116
61,1,116
61,6,116
61,7,116
61,0,117
61,1,117
61,2,117
61,3,117
61,2,121
61,3,121
61,4,121
61,5,121
61,6,121
61,7,121
61,0,122
61,1,122
61,2,122
61,3,122
61,6,123
61,7,123
61,0,124
61,1,124
61,2,128
61,3,128
61,4,128
61,5,128
61,6,128
61,7,128
61,0,129
61,1,129
61,2,129
61,3,129
61,0,131
61,1,131
61,2,131
61,3,131
61,4,135
61,5,135
61,6,135
61,7,135
61,0,136
61,1,136
61,2,136
61,3,136
61,4,136
61,5,136
61,0,137
61,1,137
61,2,137
61,3,137
61,4,137
61,5,137
61,6,137
61,7,137
61,0,138
61,1,138
61,4,142
61,5,142
61,6,142
61,7,142
61,0,143
61,1,143
61,2,143
61,3,143
61,4,143
61,5,143
61,6,143
61,7,143
61,0,144
61,1,144
61,2,144
61,3,144
61,0,145
61,1,145
61,0,150
61,1,150
61,2,150
61,3,150
61,4,150
61,5,150
62,6,17
62,7,17
62,0,18
62,1,18
62,2,18
62,3,18
62,4,18
62,5,18
62,6,24
62,7,24
62,0,25
62,1,25
62,4,25
62,5,25
62,4,31
62,5,31
62,6,31
62,7,31
62,2,38
62,3,38
62,4,38
62,5,38
62,6,38
62,7,38
62,0,45
62,1,45
62,2,45
62,3,45
62,6,51
62,7,51
62,0,52
62,1,52
62,2,52
62,3,52
62,4,58
62,5,58
62,6,58
62,7,58
62,0,59
62,1,59
62,4,65
62,5,65
62,6,65
62,7,65
62,0,66
62,1,66
62,4,72
62,5,72
62,6,72
62,7,72
62,2,79
62,3,79
62,4,79
62,5,79
62,2,86
62,3,86
62,0,93
62,1,93
62,2,93
62,3,93
62,0,100
62,1,100
62,2,100
62,3,100
62,6,101
62,7,101
62,0,102
62,1,102
62,2,102
62,3,102
62,4,102
62,5,102
62,6,102
62,7,102
62,2,107
62,3,107
62,4,108
62,5,108
62,6,108
62,7,108
62,0,109
62,1,109
62,2,109
62,3,109
62,4,109
62,5,109
62,6,109
62,7,109
62,2,114
62,3,114
62,0,115
62,1,115
62,2,115
62,3,115
62,4,115
62,5,115
62,6,116
62,7,116
62,0,117
62,1,117
62,2,121
62,3,121
62,4,121
62,5,121
62,6,121
62,7,121
62,0,122
62,1,122
62,2,122
62,3,122
62,6,123
62,7,123
62,0,124
62,1,124
62,4,128
62,5,128
62,6,128
62,7,128
62,0,129
62,1,129
62,2,129
62,3,129
62,6,130
62,7,130
62,0,131
62,1,131
62,4,135
62,5,135
62,6,135
62,7,135
62,0,136
62,1,136
62,2,136
62,3,136
62,4,136
62,5,136
62,2,137
62,3,137
62,4,137
62,5,137
62,6,137
62,7,137
62,6,142
62,7,142
62,0,143
62,1,143
62,2,143
62,3,143
62,4,143
62,5,143
62,6,143
62,7,143
62,0,144
62,1,144
62,2,144
62,3,144
62,6,144
62,7,144
62,6,150
62,7,150
62,0,151
62,1,151
63,2,18
63,3,18
63,4,18
63,5,18
63,6,24
63,7,24
63,0,25
63,1,25
63,2,25
63,3,25
63,4,31
63,5,31
63,6,31
63,7,31
63,0,32
63,1,32
63,2,38
63,3,38
63,4,38
63,5,38
63,6,38
63,7,38
63,0,45
63,1,45
63,2,45
63,3,45
63,6,51
63,7,51
63,0,52
63,1,52
63,2,52
63,3,52
63,6,58
63,7,58
63,4,65
63,5,65
63,6,65
63,7,65
63,2,72
63,3,72
63,4,72
63,5,72
63,6,72
63,7,72
63,2,79
63,3,79
63,4,79
63,5,79
63,0,86
63,1,86
63,2,86
63,3,86
63,4,86
63,5,86
63,0,93
63,1,93
63,2,93
63,3,93
63,4,95
63,5,95
63,0,100
63,1,100
63,2,100
63,3,100
63,0,102
63,1,102
63,2,102
63,3,102
63,4,102
63,5,102
63,6,102
63,7,102
63,0,107
63,1,107
63,2,107
63,3,107
63,4,107
63,5,107
63,4,108
63,5,108
63,6,108
63,7,108
63,0,109
63,1,109
63,2,109
63,3,109
63,4,109
63,5,109
63,6,109
63,7,109
63,2,114
63,3,114
63,4,114
63,5,114
63,2,115
63,3,115
63,4,115
63,5,115
63,6,116
63,7,116
63,0,117
63,1,117
63,2,121
63,3,121
63,4,121
63,5,121
63,6,121
63,7,121
63,0,122
63,1,122
63,2,122
63,3,122
63,0,124
63,1,124
63,2,124
63,3,124
63,4,128
63,5,128
63,6,128
63,7,128
63,0,129
63,1,129
63,2,129
63,3,129
63,4,130
63,5,130
63,6,130
63,7,130
63,0,131
63,1,131
63,4,135
63,5,135
63,6,135
63,7,135
63,0,136
63,1,136
63,2,136
63,3,136
63,4,136
63,5,136
63,6,136
63,7,136
63,2,137
63,3,137
63,4,137
63,5,137
63,6,137
63,7,137
63,0,138
63,1,138
63,6,142
63,7,142
63,0,143
63,1,143
63,4,143
63,5,143
63,6,143
63,7,143
63,0,144
63,1,144
63,4,144
63,5,144
63,4,150
63,5,150
63,0,151
63,1,151
64,2,18
64,3,18
64,6,24
64,7,24
64,0,25
64,1,25
64,4,31
64,5,31
64,6,31
64,7,31
64,0,38
64,1,38
64,2,38
64,3,38
64,4,38
64,5,38
64,0,45
64,1,45
64,2,45
64,3,45
64,0,52
64,1,52
64,2,52
64,3,52
64,4,58
64,5,58
64,0,59
64,1,59
64,4,65
64,5,65
64,6,65
64,7,65
64,2,72
64,3,72
64,4,72
64,5,72
64,6,72
64,7,72
64,2,79
64,3,79
64,4,79
64,5,79
64,2,86
64,3,86
64,4,86
64,5,86
64,2,93
64,3,93
64,4,93
64,5,93
64,0,100
64,1,100
64,2,100
64,3,100
64,0,102
64,1,102
64,2,102
64,3,102
64,4,102
64,5,102
64,6,102
64,7,102
64,2,107
64,3,107
64,4,107
64,5,107
64,4,108
64,5,108
64,6,108
64,7,108
64,0,109
64,1,109
64,2,109
64,3,109
64,4,109
64,5,109
64,6,109
64,7,109
64,0,110
64,1,110
64,2,114
64,3,114
64,4,114
64,5,114
64,2,115
64,3,115
64,4,115
64,5,115
64,6,115
64,7,115
64,6,116
64,7,116
64,0,117
64,1,117
64,2,121
64,3,121
64,4,121
64,5,121
64,6,121
64,7,121
64,0,122
64,1,122
64,2,122
64,3,122
64,4,122
64,5,122
64,6,123
64,7,123
64,0,124
64,1,124
64,2,124
64,3,124
64,2,128
64,3,128
64,4,128
64,5,128
64,6,128
64,7,128
64,0,129
64,1,129
64,2,129
64,3,129
64,4,130
64,5,130
64,6,130
64,7,130
64,0,131
64,1,131
64,2,131
64,3,131
64,4,135
64,5,135
64,6,135
64,7,135
64,0,136
64,1,136
64,2,136
64,3,136
64,6,136
64,7,136
64,0,137
64,1,137
64,2,137
64,3,137
64,4,137
64,5,137
64,6,137
64,7,137
64,2,138
64,3,138
64,6,142
64,7,142
64,0,143
64,1,143
64,2,143
64,3,143
64,4,143
64,5,143
64,6,143
64,7,143
64,0,144
64,1,144
64,2,144
64,3,144
64,2,150
64,3,150
64,4,150
64,5,150
64,6,150
64,7,150
65,0,18
65,1,18
65,2,18
65,3,18
65,4,18
65,5,18
65,6,24
65,7,24
65,0,25
65,1,25
65,2,25
65,3,25
65,4,25
65,5,25
65,4,31
65,5,31
65,6,31
65,7,31
65,2,38
65,3,38
65,4,38
65,5,38
65,0,45
65,1,45
65,2,45
65,3,45
65,6,51
65,7,51
65,0,52
65,1,52
65,2,52
65,3,52
65,6,58
65,7,58
65,0,59
65,1,59
65,4,65
65,5,65
65,6,65
65,7,65
65,4,72
65,5,72
65,2,79
65,3,79
65,4,79
65,5,79
65,2,86
65,3,86
65,4,86
65,5,86
65,0,93
65,1,93
65,2,93
65,3,93
65,4,95
65,5,95
65,0,100
65,1,100
65,0,102
65,1,102
65,2,102
65,3,102
65,4,102
65,5,102
65,2,107
65,3,107
65,4,108
65,5,108
65,6,108
65,7,108
65,0,109
65,1,109
65,2,109
65,3,109
65,4,109
65,5,109
65,6,109
65,7,109
65,2,114
65,3,114
65,4,114
65,5,114
65,6,114
65,7,114
65,2,115
65,3,115
65,4,115
65,5,115
65,6,116
65,7,116
65,0,117
65,1,117
65,2,121
65,3,121
65,4,121
65,5,121
65,6,121
65,7,121
65,0,122
65,1,122
65,2,122
65,3,122
65,6,123
65,7,123
65,0,124
65,1,124
65,4,128
65,5,128
65,6,128
65,7,128
65,0,129
65,1,129
65,2,129
65,3,129
65,6,130
65,7,130
65,0,131
65,1,131
65,4,135
65,5,135
65,6,135
65,7,135
65,0,136
65,1,136
65,2,136
65,3,136
65,4,136
65,5,136
65,6,136
65,7,136
65,2,137
65,3,137
65,4,137
65,5,137
65,6,137
65,7,137
65,0,138
65,1,138
65,2,138
65,3,138
65,6,142
65,7,142
65,0,143
65,1,143
65,2,143
65,3,143
65,4,143
65,5,143
65,6,143
65,7,143
65,0,144
65,1,144
65,2,144
65,3,144
65,6,144
65,7,144
65,0,150
65,1,150
65,2,150
65,3,150
65,4,150
65,5,150
65,6,150
65,7,150
66,2,18
66,3,18
66,6,24
66,7,24
66,0,25
66,1,25
66,2,25
66,3,25
66,4,25
66,5,25
66,4,31
66,5,31
66,6,31
66,7,31
66,0,32
66,1,32
66,2,38
66,3,38
66,4,38
66,5,38
66,2,45
66,3,45
66,4,45
66,5,45
66,6,51
66,7,51
66,0,52
66,1,52
66,2,52
66,3,52
66,4,58
66,5,58
66,6,58
66,7,58
66,4,65
66,5,65
66,6,65
66,7,65
66,2,72
66,3,72
66,4,72
66,5,72
66,2,79
66,3,79
66,4,79
66,5,79
66,6,79
66,7,79
66,0,86
66,1,86
66,2,86
66,3,86
66,4,86
66,5,86
66,2,93
66,3,93
66,4,95
66,5,95
66,2,100
66,3,100
66,4,101
66,5,101
66,6,101
66,7,101
66,0,102
66,1,102
66,2,102
66,3,102
66,4,102
66,5,102
66,2,107
66,3,107
66,4,107
66,5,107
66,4,108
66,5,108
66,6,108
66,7,108
66,0,109
66,1,109
66,2,109
66,3,109
66,4,109
66,5,109
66,6,109
66,7,109
66,0,110
66,1,110
66,2,114
66,3,114
66,0,115
66,1,115
66,2,115
66,3,115
66,4,115
66,5,115
66,6,115
66,7,115
66,6,116
66,7,116
66,0,117
66,1,117
66,2,121
66,3,121
66,4,121
66,5,121
66,6,121
66,7,121
66,0,122
66,1,122
66,2,122
66,3,122
66,6,123
66,7,123
66,0,124
66,1,124
66,4,128
66,5,128
66,6,128
66,7,128
66,0,129
66,1,129
66,2,129
66,3,129
66,6,130
66,7,130
66,0,131
66,1,131
66,6,135
66,7,135
66,0,136
66,1,136
66,2,136
66,3,136
66,4,136
66,5,136
66,2,137
66,3,137
66,4,137
66,5,137
66,6,137
66,7,137
66,0,143
66,1,143
66,2,143
66,3,143
66,4,143
66,5,143
66,6,143
66,7,143
66,0,144
66,1,144
66,2,144
66,3,144
66,4,144
66,5,144
66,0,150
66,1,150
66,4,150
66,5,150
66,0,151
66,1,151
67,0,18
67,1,18
67,2,18
67,3,18
67,4,18
67,5,18
67,6,24
67,7,24
67,0,25
67,1,25
67,2,25
67,3,25
67,4,31
67,5,31
67,6,31
67,7,31
67,2,38
67,3,38
67,4,38
67,5,38
67,2,45
67,3,45
67,6,51
67,7,51
67,0,52
67,1,52
67,2,52
67,3,52
67,6,58
67,7,58
67,0,59
67,1,59
67,6,65
67,7,65
67,2,72
67,3,72
67,4,72
67,5,72
67,6,72
67,7,72
67,2,79
67,3,79
67,4,79
67,5,79
67,2,86
67,3,86
67,0,93
67,1,93
67,2,93
67,3,93
67,0,100
67,1,100
67,2,100
67,3,100
67,6,101
67,7,101
67,2,102
67,3,102
67,4,102
67,5,102
67,2,107
67,3,107
67,4,108
67,5,108
67,6,108
67,7,108
67,0,109
67,1,109
67,2,109
67,3,109
67,4,109
67,5,109
67,6,109
67,7,109
67,0,110
67,1,110
67,0,114
67,1,114
67,2,114
67,3,114
67,4,114
67,5,114
67,2,115
67,3,115
67,4,115
67,5,115
67,6,116
67,7,116
67,0,117
67,1,117
67,2,117
67,3,117
67,2,121
67,3,121
67,4,121
67,5,121
67,6,121
67,7,121
67,0,122
67,1,122
67,2,122
67,3,122
67,4,122
67,5,122
67,6,123
67,7,123
67,0,124
67,1,124
67,2,128
67,3,128
67,4,128
67,5,128
67,6,128
67,7,128
67,0,129
67,1,129
67,2,129
67,3,129
67,6,130
67,7,130
67,0,131
67,1,131
67,4,135
67,5,135
67,6,135
67,7,135
67,0,136
67,1,136
67,2,136
67,3,136
67,4,136
67,5,136
67,2,137
67,3,137
67,4,137
67,5,137
67,6,137
67,7,137
67,0,138
67,1,138
67,6,142
67,7,142
67,0,143
67,1,143
67,2,143
67,3,143
67,4,143
67,5,143
67,6,143
67,7,143
67,0,144
67,1,144
67,2,144
67,3,144
67,4,144
67,5,144
67,0,150
67,1,150
67,4,150
67,5,150
68,6,17
68,7,17
68,2,18
68,3,18
68,4,18
68,5,18
68,4,24
68,5,24
68,6,24
68,7,24
68,0,25
68,1,25
68,2,25
68,3,25
68,4,31
68,5,31
68,6,31
68,7,31
68,0,32
68,1,32
68,2,38
68,3,38
68,4,38
68,5,38
68,6,38
68,7,38
68,0,45
68,1,45
68,2,45
68,3,45
68,4,45
68,5,45
68,6,51
68,7,51
68,0,52
68,1,52
68,2,52
68,3,52
68,6,58
68,7,58
68,0,59
68,1,59
68,4,65
68,5,65
68,6,65
68,7,65
68,0,72
68,1,72
68,2,72
68,3,72
68,4,72
68,5,72
68,6,72
68,7,72
68,2,79
68,3,79
68,4,79
68,5,79
68,0,86
68,1,86
68,2,86
68,3,86
68,0,93
68,1,93
68,2,93
68,3,93
68,0,100
68,1,100
68,2,100
68,3,100
68,4,100
68,5,100
68,4,101
68,5,101
68,6,101
68,7,101
68,2,102
68,3,102
68,4,102
68,5,102
68,6,102
68,7,102
68,2,107
68,3,107
68,4,108
68,5,108
68,6,108
68,7,108
68,0,109
68,1,109
68,2,109
68,3,109
68,4,109
68,5,109
68,6,109
68,7,109
68,0,110
68,1,110
68,2,114
68,3,114
68,4,114
68,5,114
68,2,115
68,3,115
68,4,115
68,5,115
68,6,115
68,7,115
68,6,116
68,7,116
68,0,117
68,1,117
68,2,117
68,3,117
68,2,121
68,3,121
68,4,121
68,5,121
68,6,121
68,7,121
68,0,122
68,1,122
68,2,122
68,3,122
68,0,124
68,1,124
68,4,128
68,5,128
68,6,128
68,7,128
68,0,129
68,1,129
68,2,129
68,3,129
68,6,130
68,7,130
68,0,131
68,1,131
68,2,131
68,3,131
68,4,135
68,5,135
68,6,135
68,7,135
68,0,136
68,1,136
68,2,136
68,3,136
68,6,136
68,7,136
68,2,137
68,3,137
68,4,137
68,5,137
68,6,137
68,7,137
68,0,138
68,1,138
68,6,142
68,7,142
68,2,143
68,3,143
68,4,143
68,5,143
68,6,143
68,7,143
68,0,144
68,1,144
68,2,144
68,3,144
68,6,144
68,7,144
68,0,145
68,1,145
68,0,150
68,1,150
68,2,150
68,3,150
68,4,150
68,5,150
69,0,18
69,1,18
69,2,18
69,3,18
69,4,24
69,5,24
69,6,24
69,7,24
69,0,25
69,1,25
69,4,31
69,5,31
69,0,32
69,1,32
69,4,38
69,5,38
69,6,38
69,7,38
69,0,45
69,1,45
69,2,45
69,3,45
69,4,45
69,5,45
69,0,52
69,1,52
69,6,58
69,7,58
69,0,59
69,1,59
69,4,65
69,5,65
69,6,65
69,7,65
69,4,72
69,5,72
69,6,72
69,7,72
69,2,79
69,3,79
69,4,79
69,5,79
69,2,86
69,3,86
69,4,86
69,5,86
69,2,93
69,3,93
69,2,95
69,3,95
69,0,100
69,1,100
69,2,100
69,3,100
69,6,101
69,7,101
69,0,102
69,1,102
69,2,102
69,3,102
69,4,102
69,5,102
69,0,107
69,1,107
69,2,107
69,3,107
69,4,108
69,5,108
69,6,108
69,7,108
69,0,109
69,1,109
69,2,109
69,3,109
69,4,109
69,5,109
69,6,109
69,7,109
69,0,114
69,1,114
69,2,114
69,3,114
69,2,115
69,3,115
69,4,115
69,5,115
69,6,116
69,7,116
69,0,117
69,1,117
69,2,121
69,3,121
69,4,121
69,5,121
69,6,121
69,7,121
69,0,122
69,1,122
69,2,122
69,3,122
69,6,123
69,7,123
69,0,124
69,1,124
69,4,128
69,5,128
69,6,128
69,7,128
69,0,129
69,1,129
69,6,130
69,7,130
69,0,131
69,1,131
69,4,135
69,5,135
69,6,135
69,7,135
69,0,136
69,1,136
69,2,136
69,3,136
69,4,136
69,5,136
69,0,137
69,1,137
69,2,137
69,3,137
69,4,137
69,5,137
69,6,137
69,7,137
69,0,138
69,1,138
69,4,142
69,5,142
69,6,142
69,7,142
69,0,143
69,1,143
69,2,143
69,3,143
69,4,143
69,5,143
69,6,143
69,7,143
69,0,144
69,1,144
69,4,144
69,5,144
69,0,150
69,1,150
69,2,150
69,3,150
70,0,18
70,1,18
70,2,18
70,3,18
70,4,18
70,5,18
70,4,24
70,5,24
70,6,24
70,7,24
70,0,25
70,1,25
70,2,25
70,3,25
70,4,31
70,5,31
70,6,31
70,7,31
70,0,32
70,1,32
70,2,38
70,3,38
70,4,38
70,5,38
70,6,38
70,7,38
70,0,45
70,1,45
70,2,45
70,3,45
70,6,51
70,7,51
70,0,52
70,1,52
70,2,52
70,3,52
70,6,58
70,7,58
70,0,59
70,1,59
70,4,65
70,5,65
70,6,65
70,7,65
70,4,72
70,5,72
70,2,79
70,3,79
70,4,79
70,5,79
70,2,86
70,3,86
70,4,86
70,5,86
70,0,93
70,1,93
70,2,93
70,3,93
70,4,93
70,5,93
70,0,100
70,1,100
70,2,100
70,3,100
70,0,102
70,1,102
70,2,102
70,3,102
70,4,102
70,5,102
70,6,102
70,7,102
70,2,107
70,3,107
70,4,107
70,5,107
70,4,108
70,5,108
70,6,108
70,7,108
70,0,109
70,1,109
70,2,109
70,3,109
70,4,109
70,5,109
70,6,109
70,7,109
70,2,114
70,3,114
70,0,115
70,1,115
70,2,115
70,3,115
70,4,115
70,5,115
70,6,115
70,7,115
70,2,116
70,3,116
70,6,116
70,7,116
70,0,117
70,1,117
70,2,121
70,3,121
70,4,121
70,5,121
70,6,121
70,7,121
70,0,122
70,1,122
70,2,122
70,3,122
70,4,122
70,5,122
70,6,123
70,7,123
70,0,124
70,1,124
70,2,128
70,3,128
70,4,128
70,5,128
70,6,128
70,7,128
70,0,129
70,1,129
70,2,129
70,3,129
70,6,130
70,7,130
70,0,131
70,1,131
70,4,135
70,5,135
70,6,135
70,7,135
70,0,136
70,1,136
70,4,136
70,5,136
70,6,136
70,7,136
70,0,137
70,1,137
70,2,137
70,3,137
70,4,137
70,5,137
70,6,137
70,7,137
70,0,138
70,1,138
70,6,142
70,7,142
70,0,143
70,1,143
70,2,143
70,3,143
70,4,143
70,5,143
70,6,143
70,7,143
70,0,144
70,1,144
70,2,144
70,3,144
70,6,144
70,7,144
70,4,150
70,5,150
71,0,18
71,1,18
71,2,18
71,3,18
71,4,18
71,5,18
71,6,24
71,7,24
71,0,25
71,1,25
71,2,25
71,3,25
71,4,31
71,5,31
71,6,31
71,7,31
71,0,32
71,1,32
71,4,38
71,5,38
71,0,45
71,1,45
71,2,45
71,3,45
71,6,51
71,7,51
71,0,52
71,1,52
71,2,52
71,3,52
71,6,58
71,7,58
71,0,59
71,1,59
71,4,65
71,5,65
71,6,65
71,7,65
71,0,66
71,1,66
71,2,72
71,3,72
71,4,72
71,5,72
71,6,72
71,7,72
71,2,79
71,3,79
71,4,79
71,5,79
71,0,86
71,1,86
71,2,86
71,3,86
71,4,86
71,5,86
71,0,93
71,1,93
71,2,93
71,3,93
71,0,100
71,1,100
71,2,100
71,3,100
71,4,100
71,5,100
71,6,101
71,7,101
71,0,102
71,1,102
71,2,102
71,3,102
71,4,102
71,5,102
71,6,102
71,7,102
71,0,107
71,1,107
71,2,107
71,3,107
71,4,107
71,5,107
71,6,108
71,7,108
71,0,109
71,1,109
71,2,109
71,3,109
71,4,109
71,5,109
71,6,109
71,7,109
71,2,114
71,3,114
71,4,114
71,5,114
71,2,115
71,3,115
71,4,115
71,5,115
71,6,115
71,7,115
71,6,116
71,7,116
71,0,117
71,1,117
71,2,121
71,3,121
71,4,121
71,5,121
71,6,121
71,7,121
71,0,122
71,1,122
71,2,122
71,3,122
71,4,122
71,5,122
71,6,123
71,7,123
71,0,124
71,1,124
71,4,128
71,5,128
71,6,128
71,7,128
71,0,129
71,1,129
71,2,129
71,3,129
71,6,130
71,7,130
71,0,131
71,1,131
71,6,135
71,7,135
71,0,136
71,1,136
71,2,136
71,3,136
71,6,136
71,7,136
71,2,137
71,3,137
71,4,137
71,5,137
71,6,137
71,7,137
71,0,138
71,1,138
71,6,142
71,7,142
71,0,143
71,1,143
71,2,143
71,3,143
71,4,143
71,5,143
71,6,143
71,7,143
71,0,144
71,1,144
71,2,144
71,3,144
71,4,144
71,5,144
71,0,150
71,1,150
71,2,150
71,3,150
72,2,18
72,3,18
72,4,18
72,5,18
72,6,24
72,7,24
72,0,25
72,1,25
72,4,31
72,5,31
72,6,31
72,7,31
72,2,38
72,3,38
72,4,38
72,5,38
72,6,38
72,7,38
72,0,45
72,1,45
72,2,45
72,3,45
72,6,51
72,7,51
72,0,52
72,1,52
72,2,52
72,3,52
72,6,58
72,7,58
72,0,59
72,1,59
72,4,65
72,5,65
72,6,65
72,7,65
72,2,72
72,3,72
72,4,72
72,5,72
72,2,79
72,3,79
72,4,79
72,5,79
72,2,86
72,3,86
72,4,86
72,5,86
72,2,93
72,3,93
72,4,93
72,5,93
72,0,100
72,1,100
72,2,100
72,3,100
72,6,101
72,7,101
72,0,102
72,1,102
72,2,102
72,3,102
72,4,102
72,5,102
72,6,102
72,7,102
72,2,107
72,3,107
72,4,107
72,5,107
72,4,108
72,5,108
72,6,108
72,7,108
72,0,109
72,1,109
72,2,109
72,3,109
72,4,109
72,5,109
72,6,109
72,7,109
72,2,114
72,3,114
72,2,115
72,3,115
72,4,115
72,5,115
72,6,115
72,7,115
72,6,116
72,7,116
72,0,117
72,1,117
72,2,121
72,3,121
72,4,121
72,5,121
72,6,121
72,7,121
72,0,122
72,1,122
72,2,122
72,3,122
72,0,124
72,1,124
72,2,128
72,3,128
72,4,128
72,5,128
72,6,128
72,7,128
72,0,129
72,1,129
72,0,131
72,1,131
72,2,131
72,3,131
72,4,135
72,5,135
72,6,135
72,7,135
72,0,136
72,1,136
72,4,136
72,5,136
72,6,136
72,7,136
72,0,137
72,1,137
72,2,137
72,3,137
72,4,137
72,5,137
72,6,137
72,7,137
72,0,138
72,1,138
72,6,142
72,7,142
72,0,143
72,1,143
72,2,143
72,3,143
72,4,143
72,5,143
72,6,143
72,7,143
72,0,144
72,1,144
72,2,144
72,3,144
72,0,150
72,1,150
72,2,150
72,3,150
73,6,17
73,7,17
73,2,18
73,3,18
73,4,18
73,5,18
73,6,24
73,7,24
73,0,25
73,1,25
73,2,25
73,3,25
73,4,25
73,5,25
73,4,31
73,5,31
73,6,31
73,7,31
73,0,32
73,1,32
73,2,38
73,3,38
73,4,38
73,5,38
73,2,45
73,3,45
73,6,51
73,7,51
73,0,52
73,1,52
73,2,52
73,3,52
73,6,58
73,7,58
73,0,59
73,1,59
73,4,65
73,5,65
73,6,65
73,7,65
73,2,72
73,3,72
73,4,72
73,5,72
73,2,79
73,3,79
73,4,79
73,5,79
73,0,86
73,1,86
73,2,86
73,3,86
73,4,86
73,5,86
73,0,93
73,1,93
73,4,93
73,5,93
73,2,100
73,3,100
73,6,101
73,7,101
73,0,102
73,1,102
73,2,102
73,3,102
73,4,102
73,5,102
73,6,102
73,7,102
73,0,107
73,1,107
73,2,107
73,3,107
73,4,107
73,5,107
73,2,108
73,3,108
73,4,108
73,5,108
73,6,108
73,7,108
73,0,109
73,1,109
73,2,109
73,3,109
73,4,109
73,5,109
73,6,109
73,7,109
73,0,110
73,1,110
73,2,114
73,3,114
73,2,115
73,3,115
73,4,115
73,5,115
73,6,115
73,7,115
73,0,116
73,1,116
73,6,116
73,7,116
73,0,117
73,1,117
73,2,121
73,3,121
73,4,121
73,5,121
73,6,121
73,7,121
73,0,122
73,1,122
73,2,122
73,3,122
73,6,123
73,7,123
73,0,124
73,1,124
73,4,128
73,5,128
73,6,128
73,7,128
73,0,129
73,1,129
73,2,129
73,3,129
73,6,130
73,7,130
73,0,131
73,1,131
73,4,135
73,5,135
73,6,135
73,7,135
73,0,136
73,1,136
73,6,136
73,7,136
73,0,137
73,1,137
73,2,137
73,3,137
73,4,137
73,5,137
73,6,137
73,7,137
73,0,138
73,1,138
73,6,142
73,7,142
73,0,143
73,1,143
73,2,143
73,3,143
73,4,143
73,5,143
73,6,143
73,7,143
73,2,144
73,3,144
73,4,144
73,5,144
73,6,144
73,7,144
73,0,150
73,1,150
73,2,150
73,3,150
74,2,18
74,3,18
74,4,18
74,5,18
74,6,24
74,7,24
74,0,25
74,1,25
74,4,31
74,5,31
74,6,31
74,7,31
74,2,38
74,3,38
74,2,45
74,3,45
74,4,45
74,5,45
74,6,51
74,7,51
74,0,52
74,1,52
74,2,52
74,3,52
74,4,58
74,5,58
74,6,58
74,7,58
74,0,59
74,1,59
74,4,65
74,5,65
74,6,65
74,7,65
74,2,72
74,3,72
74,4,72
74,5,72
74,2,79
74,3,79
74,4,79
74,5,79
74,0,86
74,1,86
74,2,86
74,3,86
74,0,93
74,1,93
74,2,93
74,3,93
74,4,93
74,5,93
74,0,100
74,1,100
74,2,100
74,3,100
74,6,101
74,7,101
74,0,102
74,1,102
74,2,102
74,3,102
74,4,102
74,5,102
74,6,102
74,7,102
74,0,107
74,1,107
74,2,107
74,3,107
74,4,107
74,5,107
74,4,108
74,5,108
74,6,108
74,7,108
74,0,109
74,1,109
74,2,109
74,3,109
74,4,109
74,5,109
74,6,109
74,7,109
74,0,110
74,1,110
74,2,114
74,3,114
74,4,114
74,5,114
74,2,115
74,3,115
74,4,115
74,5,115
74,6,115
74,7,115
74,0,116
74,1,116
74,6,116
74,7,116
74,0,117
74,1,117
74,2,121
74,3,121
74,4,121
74,5,121
74,6,121
74,7,121
74,0,122
74,1,122
74,2,122
74,3,122
74,6,123
74,7,123
74,0,124
74,1,124
74,4,128
74,5,128
74,6,128
74,7,128
74,0,129
74,1,129
74,0,131
74,1,131
74,2,131
74,3,131
74,4,135
74,5,135
74,6,135
74,7,135
74,0,136
74,1,136
74,2,136
74,3,136
74,4,136
74,5,136
74,0,137
74,1,137
74,2,137
74,3,137
74,4,137
74,5,137
74,6,137
74,7,137
74,0,138
74,1,138
74,6,142
74,7,142
74,0,143
74,1,143
74,2,143
74,3,143
74,4,143
74,5,143
74,6,143
74,7,143
74,0,144
74,1,144
74,2,144
74,3,144
74,4,144
74,5,144
74,0,150
74,1,150
74,2,151
74,3,151
75,0,18
75,1,18
75,2,18
75,3,18
75,4,18
75,5,18
75,6,24
75,7,24
75,0,25
75,1,25
75,4,31
75,5,31
75,6,31
75,7,31
75,2,38
75,3,38
75,4,38
75,5,38
75,2,45
75,3,45
75,6,51
75,7,51
75,0,52
75,1,52
75,2,52
75,3,52
75,4,58
75,5,58
75,6,58
75,7,58
75,6,65
75,7,65
75,0,66
75,1,66
75,4,72
75,5,72
75,2,79
75,3,79
75,4,79
75,5,79
75,2,86
75,3,86
75,4,86
75,5,86
75,2,93
75,3,93
75,4,93
75,5,93
75,2,100
75,3,100
75,0,102
75,1,102
75,2,102
75,3,102
75,4,102
75,5,102
75,6,102
75,7,102
75,0,107
75,1,107
75,2,107
75,3,107
75,4,108
75,5,108
75,6,108
75,7,108
75,0,109
75,1,109
75,2,109
75,3,109
75,4,109
75,5,109
75,6,109
75,7,109
75,0,110
75,1,110
75,2,114
75,3,114
75,6,114
75,7,114
75,2,115
75,3,115
75,4,115
75,5,115
75,6,115
75,7,115
75,0,116
75,1,116
75,6,116
75,7,116
75,0,117
75,1,117
75,2,121
75,3,121
75,4,121
75,5,121
75,6,121
75,7,121
75,0,122
75,1,122
75,2,122
75,3,122
75,4,122
75,5,122
75,6,123
75,7,123
75,0,124
75,1,124
75,4,128
75,5,128
75,6,128
75,7,128
75,0,129
75,1,129
75,0,131
75,1,131
75,4,135
75,5,135
75,6,135
75,7,135
75,0,136
75,1,136
75,2,136
75,3,136
75,4,136
75,5,136
75,2,137
75,3,137
75,4,137
75,5,137
75,6,137
75,7,137
75,0,138
75,1,138
75,6,142
75,7,142
75,0,143
75,1,143
75,2,143
75,3,143
75,4,143
75,5,143
75,6,143
75,7,143
75,0,144
75,1,144
75,4,144
75,5,144
75,0,150
75,1,150
75,4,150
75,5,150
76,0,18
76,1,18
76,2,18
76,3,18
76,4,18
76,5,18
76,6,24
76,7,24
76,0,25
76,1,25
76,2,25
76,3,25
76,4,31
76,5,31
76,6,31
76,7,31
76,0,32
76,1,32
76,4,38
76,5,38
76,6,38
76,7,38
76,0,45
76,1,45
76,2,45
76,3,45
76,6,51
76,7,51
76,0,52
76,1,52
76,4,58
76,5,58
76,6,58
76,7,58
76,0,59
76,1,59
76,4,65
76,5,65
76,6,65
76,7,65
76,4,72
76,5,72
76,2,79
76,3,79
76,4,79
76,5,79
76,0,86
76,1,86
76,2,86
76,3,86
76,4,86
76,5,86
76,0,93
76,1,93
76,2,93
76,3,93
76,4,93
76,5,93
76,2,100
76,3,100
76,6,101
76,7,101
76,2,102
76,3,102
76,4,102
76,5,102
76,6,102
76,7,102
76,0,103
76,1,103
76,2,107
76,3,107
76,4,108
76,5,108
76,6,108
76,7,108
76,0,109
76,1,109
76,2,109
76,3,109
76,4,109
76,5,109
76,6,109
76,7,109
76,2,114
76,3,114
76,4,114
76,5,114
76,0,115
76,1,115
76,2,115
76,3,115
76,4,115
76,5,115
76,0,116
76,1,116
76,6,116
76,7,116
76,0,117
76,1,117
76,2,121
76,3,121
76,4,121
76,5,121
76,6,121
76,7,121
76,0,122
76,1,122
76,2,122
76,3,122
76,4,122
76,5,122
76,6,123
76,7,123
76,0,124
76,1,124
76,2,128
76,3,128
76,4,128
76,5,128
76,6,128
76,7,128
76,0,129
76,1,129
76,2,129
76,3,129
76,6,130
76,7,130
76,0,131
76,1,131
76,6,135
76,7,135
76,0,136
76,1,136
76,2,136
76,3,136
76,4,136
76,5,136
76,6,136
76,7,136
76,0,137
76,1,137
76,2,137
76,3,137
76,4,137
76,5,137
76,6,137
76,7,137
76,0,138
76,1,138
76,2,138
76,3,138
76,6,142
76,7,142
76,0,143
76,1,143
76,2,143
76,3,143
76,4,143
76,5,143
76,6,143
76,7,143
76,0,144
76,1,144
76,2,144
76,3,144
76,4,144
76,5,144
76,2,150
76,3,150
76,4,150
76,5,150
77,2,18
77,3,18
77,4,24
77,5,24
77,6,24
77,7,24
77,0,25
77,1,25
77,2,25
77,3,25
77,4,25
77,5,25
77,4,31
77,5,31
77,6,31
77,7,31
77,2,38
77,3,38
77,4,38
77,5,38
77,2,45
77,3,45
77,0,52
77,1,52
77,2,52
77,3,52
77,4,58
77,5,58
77,6,58
77,7,58
77,4,65
77,5,65
77,6,65
77,7,65
77,2,72
77,3,72
77,4,72
77,5,72
77,2,79
77,3,79
77,4,79
77,5,79
77,0,86
77,1,86
77,2,86
77,3,86
77,0,93
77,1,93
77,2,93
77,3,93
77,0,100
77,1,100
77,2,100
77,3,100
77,6,101
77,7,101
77,0,102
77,1,102
77,2,102
77,3,102
77,4,102
77,5,102
77,6,102
77,7,102
77,0,107
77,1,107
77,2,107
77,3,107
77,4,108
77,5,108
77,6,108
77,7,108
77,0,109
77,1,109
77,2,109
77,3,109
77,4,109
77,5,109
77,6,109
77,7,109
77,2,114
77,3,114
77,2,115
77,3,115
77,6,115
77,7,115
77,6,116
77,7,116
77,0,117
77,1,117
77,2,121
77,3,121
77,4,121
77,5,121
77,6,121
77,7,121
77,0,122
77,1,122
77,2,122
77,3,122
77,6,123
77,7,123
77,0,124
77,1,124
77,4,128
77,5,128
77,6,128
77,7,128
77,0,129
77,1,129
77,2,129
77,3,129
77,6,130
77,7,130
77,0,131
77,1,131
77,2,131
77,3,131
77,4,135
77,5,135
77,6,135
77,7,135
77,0,136
77,1,136
77,4,136
77,5,136
77,0,137
77,1,137
77,2,137
77,3,137
77,4,137
77,5,137
77,6,137
77,7,137
77,0,138
77,1,138
77,0,143
77,1,143
77,2,143
77,3,143
77,4,143
77,5,143
77,6,143
77,7,143
77,0,144
77,1,144
77,2,144
77,3,144
77,4,144
77,5,144
77,6,144
77,7,144
77,0,150
77,1,150
77,2,150
77,3,150
77,6,150
77,7,150
78,0,18
78,1,18
78,2,18
78,3,18
78,4,18
78,5,18
78,4,24
78,5,24
78,6,24
78,7,24
78,0,25
78,1,25
78,2,25
78,3,25
78,4,31
78,5,31
78,6,31
78,7,31
78,2,38
78,3,38
78,4,38
78,5,38
78,6,38
78,7,38
78,0,45
78,1,45
78,2,45
78,3,45
78,4,45
78,5,45
78,6,51
78,7,51
78,0,52
78,1,52
78,2,52
78,3,52
78,6,58
78,7,58
78,0,59
78,1,59
78,4,65
78,5,65
78,6,65
78,7,65
78,0,66
78,1,66
78,4,72
78,5,72
78,6,72
78,7,72
78,2,79
78,3,79
78,4,79
78,5,79
78,0,86
78,1,86
78,2,86
78,3,86
78,2,93
78,3,93
78,4,93
78,5,93
78,4,95
78,5,95
78,2,100
78,3,100
78,0,102
78,1,102
78,2,102
78,3,102
78,4,102
78,5,102
78,6,102
78,7,102
78,2,107
78,3,107
78,4,107
78,5,107
78,4,108
78,5,108
78,6,108
78,7,108
78,0,109
78,1,109
78,2,109
78,3,109
78,4,109
78,5,109
78,6,109
78,7,109
78,2,114
78,3,114
78,4,114
78,5,114
78,0,115
78,1,115
78,4,115
78,5,115
78,6,116
78,7,116
78,0,117
78,1,117
78,2,121
78,3,121
78,4,121
78,5,121
78,6,121
78,7,121
78,0,122
78,1,122
78,2,122
78,3,122
78,6,123
78,7,123
78,0,124
78,1,124
78,4,128
78,5,128
78,6,128
78,7,128
78,0,129
78,1,129
78,0,131
78,1,131
78,4,135
78,5,135
78,6,135
78,7,135
78,0,136
78,1,136
78,4,136
78,5,136
78,6,136
78,7,136
78,0,137
78,1,137
78,2,137
78,3,137
78,4,137
78,5,137
78,6,137
78,7,137
78,0,138
78,1,138
78,4,142
78,5,142
78,6,142
78,7,142
78,0,143
78,1,143
78,2,143
78,3,143
78,4,143
78,5,143
78,6,143
78,7,143
78,0,144
78,1,144
78,2,144
78,3,144
78,4,144
78,5,144
78,0,150
78,1,150
78,2,150
78,3,150
78,4,150
78,5,150
79,2,18
79,3,18
79,4,24
79,5,24
79,6,24
79,7,24
79,0,25
79,1,25
79,2,25
79,3,25
79,4,31
79,5,31
79,6,31
79,7,31
79,0,32
79,1,32
79,2,38
79,3,38
79,4,38
79,5,38
79,0,45
79,1,45
79,6,51
79,7,51
79,0,52
79,1,52
79,2,52
79,3,52
79,6,58
79,7,58
79,0,59
79,1,59
79,6,65
79,7,65
79,4,72
79,5,72
79,6,72
79,7,72
79,2,79
79,3,79
79,4,79
79,5,79
79,6,79
79,7,79
79,2,86
79,3,86
79,4,86
79,5,86
79,2,93
79,3,93
79,0,100
79,1,100
79,2,100
79,3,100
79,0,102
79,1,102
79,2,102
79,3,102
79,4,102
79,5,102
79,6,102
79,7,102
79,2,107
79,3,107
79,4,108
79,5,108
79,6,108
79,7,108
79,0,109
79,1,109
79,2,109
79,3,109
79,4,109
79,5,109
79,6,109
79,7,109
79,0,114
79,1,114
79,2,114
79,3,114
79,4,114
79,5,114
79,2,115
79,3,115
79,4,115
79,5,115
79,6,115
79,7,115
79,2,116
79,3,116
79,6,116
79,7,116
79,0,117
79,1,117
79,2,121
79,3,121
79,4,121
79,5,121
79,6,121
79,7,121
79,0,122
79,1,122
79,2,122
79,3,122
79,4,122
79,5,122
79,6,123
79,7,123
79,0,124
79,1,124
79,4,128
79,5,128
79,6,128
79,7,128
79,0,129
79,1,129
79,4,130
79,5,130
79,6,130
79,7,130
79,0,131
79,1,131
79,4,135
79,5,135
79,6,135
79,7,135
79,0,136
79,1,136
79,2,136
79,3,136
79,4,136
79,5,136
79,0,137
79,1,137
79,2,137
79,3,137
79,4,137
79,5,137
79,6,137
79,7,137
79,2,138
79,3,138
79,0,143
79,1,143
79,2,143
79,3,143
79,4,143
79,5,143
79,6,143
79,7,143
79,0,144
79,1,144
79,2,144
79,3,144
79,4,144
79,5,144
79,0,150
79,1,150
79,2,150
79,3,150
79,6,150
79,7,150
80,2,18
80,3,18
80,4,18
80,5,18
80,4,24
80,5,24
80,6,24
80,7,24
80,0,25
80,1,25
80,2,25
80,3,25
80,4,31
80,5,31
80,6,31
80,7,31
80,4,38
80,5,38
80,0,45
80,1,45
80,2,45
80,3,45
80,4,45
80,5,45
80,6,51
80,7,51
80,0,52
80,1,52
80,2,52
80,3,52
80,4,58
80,5,58
80,6,58
80,7,58
80,2,59
80,3,59
80,4,65
80,5,65
80,6,65
80,7,65
80,0,66
80,1,66
80,2,72
80,3,72
80,4,72
80,5,72
80,2,79
80,3,79
80,4,79
80,5,79
80,2,86
80,3,86
80,4,86
80,5,86
80,0,93
80,1,93
80,2,93
80,3,93
80,4,93
80,5,93
80,4,95
80,5,95
80,2,100
80,3,100
80,0,102
80,1,102
80,2,102
80,3,102
80,4,102
80,5,102
80,6,102
80,7,102
80,2,107
80,3,107
80,4,108
80,5,108
80,6,108
80,7,108
80,0,109
80,1,109
80,2,109
80,3,109
80,4,109
80,5,109
80,6,109
80,7,109
80,2,114
80,3,114
80,4,114
80,5,114
80,0,115
80,1,115
80,2,115
80,3,115
80,4,115
80,5,115
80,6,116
80,7,116
80,0,117
80,1,117
80,2,117
80,3,117
80,2,121
80,3,121
80,4,121
80,5,121
80,6,121
80,7,121
80,0,122
80,1,122
80,2,122
80,3,122
80,6,123
80,7,123
80,0,124
80,1,124
80,2,124
80,3,124
80,4,128
80,5,128
80,6,128
80,7,128
80,0,129
80,1,129
80,2,129
80,3,129
80,0,131
80,1,131
80,4,135
80,5,135
80,6,135
80,7,135
80,0,136
80,1,136
80,4,136
80,5,136
80,6,136
80,7,136
80,2,137
80,3,137
80,4,137
80,5,137
80,6,137
80,7,137
80,6,142
80,7,142
80,0,143
80,1,143
80,2,143
80,3,143
80,4,143
80,5,143
80,6,143
80,7,143
80,0,144
80,1,144
80,2,144
80,3,144
80,6,144
80,7,144
80,6,149
80,7,149
80,0,150
80,1,150
80,2,150
80,3,150
80,4,150
80,5,150
80,6,150
80,7,150
81,6,17
81,7,17
81,2,18
81,3,18
81,4,18
81,5,18
81,6,24
81,7,24
81,0,25
81,1,25
81,2,25
81,3,25
81,4,25
81,5,25
81,4,31
81,5,31
81,6,31
81,7,31
81,4,38
81,5,38
81,0,45
81,1,45
81,2,45
81,3,45
81,6,51
81,7,51
81,0,52
81,1,52
81,2,52
81,3,52
81,6,58
81,7,58
81,4,65
81,5,65
81,6,65
81,7,65
81,2,72
81,3,72
81,4,72
81,5,72
81,2,79
81,3,79
81,4,79
81,5,79
81,2,86
81,3,86
81,4,86
81,5,86
81,0,93
81,1,93
81,2,93
81,3,93
81,0,100
81,1,100
81,2,100
81,3,100
81,4,100
81,5,100
81,6,101
81,7,101
81,0,102
81,1,102
81,2,102
81,3,102
81,4,102
81,5,102
81,6,102
81,7,102
81,0,103
81,1,103
81,2,107
81,3,107
81,2,108
81,3,108
81,4,108
81,5,108
81,6,108
81,7,108
81,0,109
81,1,109
81,2,109
81,3,109
81,4,109
81,5,109
81,6,109
81,7,109
81,0,110
81,1,110
81,2,114
81,3,114
81,2,115
81,3,115
81,4,115
81,5,115
81,6,116
81,7,116
81,0,117
81,1,117
81,2,121
81,3,121
81,4,121
81,5,121
81,6,121
81,7,121
81,0,122
81,1,122
81,2,122
81,3,122
81,4,122
81,5,122
81,0,124
81,1,124
81,4,128
81,5,128
81,6,128
81,7,128
81,0,129
81,1,129
81,2,129
81,3,129
81,4,130
81,5,130
81,6,130
81,7,130
81,0,131
81,1,131
81,2,131
81,3,131
81,6,135
81,7,135
81,0,136
81,1,136
81,4,136
81,5,136
81,2,137
81,3,137
81,4,137
81,5,137
81,6,137
81,7,137
81,0,138
81,1,138
81,4,142
81,5,142
81,0,143
81,1,143
81,2,143
81,3,143
81,4,143
81,5,143
81,6,143
81,7,143
81,0,144
81,1,144
81,2,144
81,3,144
81,4,144
81,5,144
81,2,150
81,3,150
81,4,150
81,5,150
81,6,150
81,7,150
82,2,18
82,3,18
82,4,18
82,5,18
82,6,24
82,7,24
82,0,25
82,1,25
82,2,25
82,3,25
82,4,31
82,5,31
82,6,31
82,7,31
82,4,38
82,5,38
82,6,38
82,7,38
82,2,45
82,3,45
82,0,52
82,1,52
82,2,52
82,3,52
82,4,58
82,5,58
82,6,58
82,7,58
82,0,59
82,1,59
82,4,65
82,5,65
82,6,65
82,7,65
82,4,72
82,5,72
82,6,72
82,7,72
82,2,79
82,3,79
82,4,79
82,5,79
82,0,86
82,1,86
82,2,86
82,3,86
82,4,86
82,5,86
82,0,93
82,1,93
82,2,93
82,3,93
82,4,93
82,5,93
82,0,100
82,1,100
82,2,100
82,3,100
82,6,101
82,7,101
82,0,102
82,1,102
82,2,102
82,3,102
82,4,102
82,5,102
82,6,102
82,7,102
82,2,107
82,3,107
82,4,107
82,5,107
82,4,108
82,5,108
82,6,108
82,7,108
82,0,109
82,1,109
82,2,109
82,3,109
82,4,109
82,5,109
82,6,109
82,7,109
82,2,114
82,3,114
82,4,114
82,5,114
82,0,115
82,1,115
82,2,115
82,3,115
82,4,115
82,5,115
82,6,115
82,7,115
82,6,116
82,7,116
82,0,117
82,1,117
82,2,121
82,3,121
82,4,121
82,5,121
82,6,121
82,7,121
82,0,122
82,1,122
82,2,122
82,3,122
82,4,122
82,5,122
82,6,123
82,7,123
82,0,124
82,1,124
82,2,128
82,3,128
82,4,128
82,5,128
82,6,128
82,7,128
82,0,129
82,1,129
82,4,130
82,5,130
82,6,130
82,7,130
82,0,131
82,1,131
82,2,131
82,3,131
82,4,135
82,5,135
82,0,136
82,1,136
82,2,136
82,3,136
82,4,136
82,5,136
82,6,136
82,7,136
82,0,137
82,1,137
82,2,137
82,3,137
82,4,137
82,5,137
82,6,137
82,7,137
82,0,138
82,1,138
82,6,142
82,7,142
82,0,143
82,1,143
82,2,143
82,3,143
82,4,143
82,5,143
82,6,143
82,7,143
82,0,144
82,1,144
82,2,144
82,3,144
82,4,144
82,5,144
82,0,150
82,1,150
82,2,150
82,3,150
82,4,150
82,5,150
82,0,151
82,1,151
83,2,18
83,3,18
83,4,18
83,5,18
83,4,24
83,5,24
83,6,24
83,7,24
83,0,25
83,1,25
83,2,25
83,3,25
83,4,31
83,5,31
83,6,31
83,7,31
83,2,38
83,3,38
83,4,38
83,5,38
83,0,45
83,1,45
83,2,45
83,3,45
83,4,45
83,5,45
83,6,51
83,7,51
83,0,52
83,1,52
83,2,52
83,3,52
83,4,58
83,5,58
83,6,58
83,7,58
83,0,59
83,1,59
83,4,65
83,5,65
83,6,65
83,7,65
83,4,72
83,5,72
83,2,79
83,3,79
83,0,86
83,1,86
83,2,86
83,3,86
83,4,86
83,5,86
83,0,93
83,1,93
83,2,93
83,3,93
83,2,100
83,3,100
83,6,101
83,7,101
83,0,102
83,1,102
83,2,102
83,3,102
83,4,102
83,5,102
83,6,102
83,7,102
83,0,107
83,1,107
83,2,107
83,3,107
83,4,107
83,5,107
83,4,108
83,5,108
83,6,108
83,7,108
83,0,109
83,1,109
83,2,109
83,3,109
83,4,109
83,5,109
83,6,109
83,7,109
83,0,110
83,1,110
83,2,114
83,3,114
83,0,115
83,1,115
83,2,115
83,3,115
83,4,115
83,5,115
83,6,115
83,7,115
83,6,116
83,7,116
83,0,117
83,1,117
83,2,121
83,3,121
83,4,121
83,5,121
83,6,121
83,7,121
83,0,122
83,1,122
83,2,122
83,3,122
83,6,123
83,7,123
83,0,124
83,1,124
83,4,128
83,5,128
83,6,128
83,7,128
83,0,129
83,1,129
83,2,129
83,3,129
83,4,129
83,5,129
83,6,130
83,7,130
83,0,131
83,1,131
83,6,135
83,7,135
83,0,136
83,1,136
83,2,136
83,3,136
83,4,136
83,5,136
83,6,136
83,7,136
83,0,137
83,1,137
83,2,137
83,3,137
83,4,137
83,5,137
83,6,137
83,7,137
83,0,138
83,1,138
83,2,138
83,3,138
83,6,142
83,7,142
83,0,143
83,1,143
83,2,143
83,3,143
83,4,143
83,5,143
83,6,143
83,7,143
83,0,144
83,1,144
83,2,144
83,3,144
83,6,144
83,7,144
83,0,150
83,1,150
83,2,150
83,3,150
83,4,150
83,5,150
83,6,150
83,7,150
84,6,17
84,7,17
84,2,18
84,3,18
84,4,18
84,5,18
84,4,24
84,5,24
84,6,24
84,7,24
84,0,25
84,1,25
84,2,25
84,3,25
84,4,31
84,5,31
84,6,31
84,7,31
84,2,38
84,3,38
84,4,38
84,5,38
84,6,38
84,7,38
84,0,45
84,1,45
84,2,45
84,3,45
84,6,51
84,7,51
84,0,52
84,1,52
84,2,52
84,3,52
84,6,58
84,7,58
84,0,59
84,1,59
84,4,65
84,5,65
84,6,65
84,7,65
84,2,72
84,3,72
84,4,72
84,5,72
84,6,72
84,7,72
84,2,79
84,3,79
84,4,79
84,5,79
84,2,86
84,3,86
84,4,86
84,5,86
84,2,93
84,3,93
84,0,100
84,1,100
84,2,100
84,3,100
84,6,101
84,7,101
84,0,102
84,1,102
84,2,102
84,3,102
84,4,102
84,5,102
84,6,102
84,7,102
84,2,107
84,3,107
84,4,108
84,5,108
84,6,108
84,7,108
84,0,109
84,1,109
84,2,109
84,3,109
84,4,109
84,5,109
84,6,109
84,7,109
84,0,110
84,1,110
84,2,114
84,3,114
84,4,114
84,5,114
84,2,115
84,3,115
84,4,115
84,5,115
84,6,116
84,7,116
84,0,117
84,1,117
84,2,121
84,3,121
84,4,121
84,5,121
84,6,121
84,7,121
84,0,122
84,1,122
84,2,122
84,3,122
84,4,122
84,5,122
84,0,124
84,1,124
84,2,128
84,3,128
84,4,128
84,5,128
84,6,128
84,7,128
84,0,129
84,1,129
84,6,130
84,7,130
84,0,131
84,1,131
84,2,131
84,3,131
84,4,135
84,5,135
84,6,135
84,7,135
84,0,136
84,1,136
84,4,136
84,5,136
84,6,136
84,7,136
84,0,137
84,1,137
84,2,137
84,3,137
84,4,137
84,5,137
84,6,137
84,7,137
84,0,143
84,1,143
84,2,143
84,3,143
84,4,143
84,5,143
84,6,143
84,7,143
84,0,144
84,1,144
84,2,144
84,3,144
84,2,150
84,3,150
84,6,150
84,7,150
84,2,151
84,3,151
85,0,18
85,1,18
85,2,18
85,3,18
85,4,18
85,5,18
85,6,24
85,7,24
85,0,25
85,1,25
85,2,25
85,3,25
85,4,31
85,5,31
85,6,31
85,7,31
85,0,32
85,1,32
85,2,38
85,3,38
85,4,38
85,5,38
85,6,38
85,7,38
85,0,45
85,1,45
85,2,45
85,3,45
85,6,51
85,7,51
85,0,52
85,1,52
85,2,52
85,3,52
85,6,58
85,7,58
85,0,59
85,1,59
85,4,65
85,5,65
85,6,65
85,7,65
85,0,66
85,1,66
85,2,72
85,3,72
85,4,72
85,5,72
85,0,79
85,1,79
85,2,79
85,3,79
85,4,79
85,5,79
85,2,86
85,3,86
85,4,86
85,5,86
85,0,93
85,1,93
85,2,93
85,3,93
85,4,93
85,5,93
85,2,100
85,3,100
85,4,101
85,5,101
85,0,102
85,1,102
85,2,102
85,3,102
85,4,102
85,5,102
85,6,102
85,7,102
85,2,107
85,3,107
85,4,108
85,5,108
85,6,108
85,7,108
85,0,109
85,1,109
85,2,109
85,3,109
85,4,109
85,5,109
85,6,109
85,7,109
85,0,110
85,1,110
85,0,114
85,1,114
85,2,114
85,3,114
85,0,115
85,1,115
85,2,115
85,3,115
85,4,115
85,5,115
85,6,115
85,7,115
85,6,116
85,7,116
85,0,117
85,1,117
85,2,121
85,3,121
85,4,121
85,5,121
85,6,121
85,7,121
85,2,122
85,3,122
85,0,124
85,1,124
85,2,124
85,3,124
85,2,128
85,3,128
85,4,128
85,5,128
85,6,128
85,7,128
85,0,129
85,1,129
85,4,130
85,5,130
85,0,131
85,1,131
85,6,135
85,7,135
85,0,136
85,1,136
85,6,136
85,7,136
85,0,137
85,1,137
85,2,137
85,3,137
85,4,137
85,5,137
85,6,137
85,7,137
85,0,143
85,1,143
85,2,143
85,3,143
85,4,143
85,5,143
85,6,143
85,7,143
85,0,144
85,1,144
85,4,144
85,5,144
85,0,145
85,1,145
85,2,150
85,3,150
85,4,150
85,5,150
86,2,18
86,3,18
86,4,18
86,5,18
86,4,24
86,5,24
86,6,24
86,7,24
86,0,25
86,1,25
86,4,25
86,5,25
86,4,31
86,5,31
86,6,31
86,7,31
86,2,38
86,3,38
86,4,38
86,5,38
86,6,44
86,7,44
86,0,45
86,1,45
86,2,45
86,3,45
86,6,51
86,7,51
86,0,52
86,1,52
86,2,52
86,3,52
86,6,58
86,7,58
86,0,59
86,1,59
86,4,65
86,5,65
86,6,65
86,7,65
86,2,72
86,3,72
86,4,72
86,5,72
86,6,72
86,7,72
86,0,79
86,1,79
86,2,79
86,3,79
86,4,79
86,5,79
86,0,86
86,1,86
86,2,86
86,3,86
86,4,86
86,5,86
86,0,93
86,1,93
86,2,93
86,3,93
86,0,100
86,1,100
86,2,100
86,3,100
86,6,101
86,7,101
86,0,102
86,1,102
86,2,102
86,3,102
86,4,102
86,5,102
86,6,102
86,7,102
86,2,107
86,3,107
86,4,107
86,5,107
86,4,108
86,5,108
86,6,108
86,7,108
86,0,109
86,1,109
86,2,109
86,3,109
86,4,109
86,5,109
86,6,109
86,7,109
86,2,114
86,3,114
86,2,115
86,3,115
86,4,115
86,5,115
86,6,116
86,7,116
86,0,117
86,1,117
86,2,117
86,3,117
86,2,121
86,3,121
86,4,121
86,5,121
86,6,121
86,7,121
86,0,122
86,1,122
86,2,122
86,3,122
86,4,122
86,5,122
86,6,123
86,7,123
86,0,124
86,1,124
86,2,124
86,3,124
86,2,128
86,3,128
86,4,128
86,5,128
86,6,128
86,7,128
86,0,129
86,1,129
86,2,129
86,3,129
86,6,130
86,7,130
86,0,131
86,1,131
86,4,135
86,5,135
86,6,135
86,7,135
86,0,136
86,1,136
86,2,136
86,3,136
86,4,136
86,5,136
86,6,136
86,7,136
86,2,137
86,3,137
86,4,137
86,5,137
86,6,137
86,7,137
86,0,138
86,1,138
86,4,142
86,5,142
86,6,142
86,7,142
86,0,143
86,1,143
86,2,143
86,3,143
86,4,143
86,5,143
86,6,143
86,7,143
86,0,144
86,1,144
86,2,144
86,3,144
86,6,144
86,7,144
86,0,150
86,1,150
86,2,150
86,3,150
86,4,150
86,5,150
87,2,18
87,3,18
87,4,18
87,5,18
87,6,24
87,7,24
87,2,25
87,3,25
87,4,31
87,5,31
87,6,31
87,7,31
87,2,38
87,3,38
87,4,38
87,5,38
87,2,45
87,3,45
87,6,51
87,7,51
87,0,52
87,1,52
87,6,58
87,7,58
87,0,59
87,1,59
87,4,65
87,5,65
87,4,72
87,5,72
87,6,72
87,7,72
87,0,79
87,1,79
87,2,79
87,3,79
87,4,79
87,5,79
87,2,86
87,3,86
87,0,93
87,1,93
87,2,93
87,3,93
87,4,93
87,5,93
87,0,100
87,1,100
87,2,100
87,3,100
87,6,101
87,7,101
87,0,102
87,1,102
87,2,102
87,3,102
87,4,102
87,5,102
87,0,107
87,1,107
87,2,107
87,3,107
87,4,108
87,5,108
87,6,108
87,7,108
87,0,109
87,1,109
87,2,109
87,3,109
87,4,109
87,5,109
87,6,109
87,7,109
87,2,114
87,3,114
87,0,115
87,1,115
87,2,115
87,3,115
87,4,115
87,5,115
87,6,115
87,7,115
87,4,116
87,5,116
87,6,116
87,7,116
87,0,117
87,1,117
87,2,117
87,3,117
87,2,121
87,3,121
87,4,121
87,5,121
87,0,122
87,1,122
87,2,122
87,3,122
87,0,124
87,1,124
87,4,128
87,5,128
87,6,128
87,7,128
87,0,129
87,1,129
87,4,130
87,5,130
87,6,130
87,7,130
87,0,131
87,1,131
87,2,131
87,3,131
87,6,135
87,7,135
87,0,136
87,1,136
87,2,136
87,3,136
87,4,136
87,5,136
87,0,137
87,1,137
87,2,137
87,3,137
87,4,137
87,5,137
87,6,137
87,7,137
87,0,138
87,1,138
87,6,142
87,7,142
87,0,143
87,1,143
87,2,143
87,3,143
87,4,143
87,5,143
87,6,143
87,7,143
87,0,144
87,1,144
87,2,144
87,3,144
87,4,144
87,5,144
87,2,150
87,3,150
87,4,150
87,5,150
88,6,17
88,7,17
88,2,18
88,3,18
88,4,18
88,5,18
88,4,24
88,5,24
88,6,24
88,7,24
88,4,31
88,5,31
88,6,31
88,7,31
88,0,32
88,1,32
88,4,38
88,5,38
88,2,45
88,3,45
88,4,45
88,5,45
88,6,51
88,7,51
88,0,52
88,1,52
88,2,52
88,3,52
88,4,58
88,5,58
88,6,58
88,7,58
88,0,59
88,1,59
88,6,65
88,7,65
88,4,72
88,5,72
88,2,79
88,3,79
88,4,79
88,5,79
88,2,86
88,3,86
88,2,93
88,3,93
88,2,100
88,3,100
88,4,100
88,5,100
88,6,101
88,7,101
88,0,102
88,1,102
88,2,102
88,3,102
88,4,102
88,5,102
88,6,102
88,7,102
88,2,107
88,3,107
88,4,107
88,5,107
88,4,108
88,5,108
88,6,108
88,7,108
88,0,109
88,1,109
88,2,109
88,3,109
88,4,109
88,5,109
88,6,109
88,7,109
88,2,114
88,3,114
88,4,114
88,5,114
88,0,115
88,1,115
88,2,115
88,3,115
88,4,115
88,5,115
88,6,116
88,7,116
88,0,117
88,1,117
88,2,121
88,3,121
88,4,121
88,5,121
88,0,122
88,1,122
88,2,122
88,3,122
88,6,123
88,7,123
88,0,124
88,1,124
88,2,124
88,3,124
88,4,128
88,5,128
88,6,128
88,7,128
88,0,129
88,1,129
88,2,129
88,3,129
88,4,130
88,5,130
88,0,131
88,1,131
88,4,135
88,5,135
88,6,135
88,7,135
88,0,136
88,1,136
88,4,136
88,5,136
88,6,136
88,7,136
88,2,137
88,3,137
88,4,137
88,5,137
88,6,137
88,7,137
88,0,138
88,1,138
88,0,143
88,1,143
88,2,143
88,3,143
88,4,143
88,5,143
88,6,143
88,7,143
88,0,144
88,1,144
88,2,144
88,3,144
88,4,144
88,5,144
88,2,150
88,3,150
89,0,18
89,1,18
89,2,18
89,3,18
89,4,18
89,5,18
89,4,24
89,5,24
89,6,24
89,7,24
89,2,25
89,3,25
89,4,31
89,5,31
89,6,31
89,7,31
89,0,45
89,1,45
89,2,45
89,3,45
89,4,45
89,5,45
89,0,52
89,1,52
89,2,52
89,3,52
89,4,58
89,5,58
89,6,58
89,7,58
89,0,59
89,1,59
89,2,59
89,3,59
89,6,65
89,7,65
89,0,66
89,1,66
89,2,72
89,3,72
89,4,72
89,5,72
89,6,72
89,7,72
89,2,79
89,3,79
89,4,79
89,5,79
89,2,86
89,3,86
89,0,93
89,1,93
89,2,93
89,3,93
89,4,93
89,5,93
89,2,95
89,3,95
89,0,100
89,1,100
89,2,100
89,3,100
89,4,100
89,5,100
89,6,101
89,7,101
89,2,102
89,3,102
89,4,102
89,5,102
89,2,107
89,3,107
89,4,107
89,5,107
89,4,108
89,5,108
89,6,108
89,7,108
89,0,109
89,1,109
89,2,109
89,3,109
89,4,109
89,5,109
89,6,109
89,7,109
89,0,114
89,1,114
89,2,114
89,3,114
89,4,114
89,5,114
89,2,115
89,3,115
89,4,115
89,5,115
89,6,116
89,7,116
89,0,117
89,1,117
89,2,121
89,3,121
89,4,121
89,5,121
89,6,121
89,7,121
89,0,122
89,1,122
89,2,122
89,3,122
89,6,123
89,7,123
89,0,124
89,1,124
89,2,128
89,3,128
89,4,128
89,5,128
89,6,128
89,7,128
89,0,129
89,1,129
89,2,129
89,3,129
89,6,130
89,7,130
89,0,131
89,1,131
89,2,131
89,3,131
89,4,135
89,5,135
89,6,135
89,7,135
89,0,136
89,1,136
89,0,137
89,1,137
89,2,137
89,3,137
89,4,137
89,5,137
89,6,137
89,7,137
89,0,138
89,1,138
89,2,138
89,3,138
89,6,142
89,7,142
89,0,143
89,1,143
89,2,143
89,3,143
89,4,143
89,5,143
89,6,143
89,7,143
89,0,144
89,1,144
89,2,144
89,3,144
89,4,144
89,5,144
89,4,150
89,5,150
89,6,150
89,7,150
90,6,17
90,7,17
90,0,18
90,1,18
90,2,18
90,3,18
90,6,24
90,7,24
90,0,25
90,1,25
90,4,31
90,5,31
90,6,31
90,7,31
90,2,38
90,3,38
90,4,38
90,5,38
90,0,45
90,1,45
90,2,45
90,3,45
90,6,51
90,7,51
90,0,52
90,1,52
90,4,58
90,5,58
90,6,58
90,7,58
90,0,59
90,1,59
90,4,65
90,5,65
90,6,65
90,7,65
90,4,72
90,5,72
90,0,79
90,1,79
90,2,79
90,3,79
90,4,79
90,5,79
90,6,79
90,7,79
90,2,86
90,3,86
90,0,93
90,1,93
90,2,93
90,3,93
90,4,93
90,5,93
90,2,100
90,3,100
90,6,101
90,7,101
90,0,102
90,1,102
90,2,102
90,3,102
90,4,102
90,5,102
90,6,102
90,7,102
90,2,107
90,3,107
90,4,108
90,5,108
90,6,108
90,7,108
90,0,109
90,1,109
90,2,109
90,3,109
90,4,109
90,5,109
90,6,109
90,7,109
90,0,110
90,1,110
90,2,114
90,3,114
90,4,114
90,5,114
90,6,114
90,7,114
90,2,115
90,3,115
90,4,115
90,5,115
90,6,115
90,7,115
90,6,116
90,7,116
90,0,117
90,1,117
90,2,121
90,3,121
90,4,121
90,5,121
90,6,121
90,7,121
90,0,122
90,1,122
90,2,122
90,3,122
90,0,124
90,1,124
90,2,124
90,3,124
90,4,128
90,5,128
90,6,128
90,7,128
90,0,129
90,1,129
90,2,129
90,3,129
90,6,130
90,7,130
90,0,131
90,1,131
90,6,135
90,7,135
90,0,136
90,1,136
90,2,136
90,3,136
90,4,136
90,5,136
90,6,136
90,7,136
90,2,137
90,3,137
90,4,137
90,5,137
90,6,137
90,7,137
90,0,138
90,1,138
90,6,142
90,7,142
90,0,143
90,1,143
90,2,143
90,3,143
90,4,143
90,5,143
90,6,143
90,7,143
90,0,144
90,1,144
90,2,144
90,3,144
90,4,144
90,5,144
90,6,144
90,7,144
90,0,150
90,1,150
90,2,150
90,3,150
90,4,150
90,5,150
91,0,18
91,1,18
91,2,18
91,3,18
91,4,18
91,5,18
91,4,24
91,5,24
91,0,25
91,1,25
91,2,25
91,3,25
91,4,31
91,5,31
91,6,31
91,7,31
91,4,38
91,5,38
91,6,44
91,7,44
91,2,45
91,3,45
91,4,45
91,5,45
91,6,51
91,7,51
91,0,52
91,1,52
91,4,58
91,5,58
91,6,58
91,7,58
91,0,59
91,1,59
91,4,65
91,5,65
91,6,65
91,7,65
91,4,72
91,5,72
91,6,72
91,7,72
91,2,79
91,3,79
91,4,79
91,5,79
91,0,86
91,1,86
91,2,86
91,3,86
91,4,86
91,5,86
91,0,93
91,1,93
91,2,93
91,3,93
91,2,100
91,3,100
91,0,102
91,1,102
91,2,102
91,3,102
91,4,102
91,5,102
91,6,102
91,7,102
91,0,103
91,1,103
91,0,107
91,1,107
91,2,107
91,3,107
91,4,107
91,5,107
91,6,108
91,7,108
91,0,109
91,1,109
91,2,109
91,3,109
91,4,109
91,5,109
91,6,109
91,7,109
91,4,114
91,5,114
91,0,115
91,1,115
91,2,115
91,3,115
91,4,115
91,5,115
91,6,115
91,7,115
91,0,117
91,1,117
91,2,121
91,3,121
91,4,121
91,5,121
91,6,121
91,7,121
91,0,122
91,1,122
91,2,122
91,3,122
91,6,123
91,7,123
91,0,124
91,1,124
91,4,128
91,5,128
91,6,128
91,7,128
91,0,129
91,1,129
91,6,130
91,7,130
91,0,131
91,1,131
91,4,135
91,5,135
91,6,135
91,7,135
91,0,136
91,1,136
91,2,136
91,3,136
91,4,136
91,5,136
91,6,136
91,7,136
91,0,137
91,1,137
91,2,137
91,3,137
91,4,137
91,5,137
91,6,137
91,7,137
91,0,138
91,1,138
91,2,138
91,3,138
91,6,142
91,7,142
91,0,143
91,1,143
91,2,143
91,3,143
91,4,143
91,5,143
91,6,143
91,7,143
91,0,144
91,1,144
91,2,144
91,3,144
91,2,150
91,3,150
91,6,150
91,7,150
92,6,17
92,7,17
92,2,18
92,3,18
92,4,24
92,5,24
92,6,24
92,7,24
92,0,25
92,1,25
92,4,31
92,5,31
92,6,31
92,7,31
92,4,38
92,5,38
92,6,38
92,7,38
92,0,45
92,1,45
92,2,45
92,3,45
92,4,45
92,5,45
92,6,51
92,7,51
92,0,52
92,1,52
92,6,58
92,7,58
92,0,59
92,1,59
92,2,59
92,3,59
92,4,65
92,5,65
92,6,65
92,7,65
92,4,72
92,5,72
92,0,79
92,1,79
92,2,79
92,3,79
92,4,79
92,5,79
92,0,86
92,1,86
92,2,86
92,3,86
92,4,86
92,5,86
92,0,93
92,1,93
92,2,93
92,3,93
92,4,93
92,5,93
92,0,100
92,1,100
92,2,100
92,3,100
92,0,102
92,1,102
92,2,102
92,3,102
92,4,102
92,5,102
92,6,102
92,7,102
92,2,107
92,3,107
92,4,107
92,5,107
92,4,108
92,5,108
92,6,108
92,7,108
92,0,109
92,1,109
92,2,109
92,3,109
92,4,109
92,5,109
92,6,109
92,7,109
92,0,114
92,1,114
92,2,114
92,3,114
92,4,114
92,5,114
92,2,115
92,3,115
92,4,115
92,5,115
92,6,115
92,7,115
92,6,116
92,7,116
92,0,117
92,1,117
92,2,121
92,3,121
92,4,121
92,5,121
92,6,121
92,7,121
92,0,122
92,1,122
92,2,122
92,3,122
92,0,124
92,1,124
92,2,128
92,3,128
92,4,128
92,5,128
92,6,128
92,7,128
92,0,129
92,1,129
92,2,129
92,3,129
92,0,131
92,1,131
92,2,131
92,3,131
92,4,135
92,5,135
92,6,135
92,7,135
92,0,136
92,1,136
92,2,136
92,3,136
92,4,136
92,5,136
92,6,136
92,7,136
92,0,137
92,1,137
92,2,137
92,3,137
92,4,137
92,5,137
92,6,137
92,7,137
92,4,142
92,5,142
92,6,142
92,7,142
92,0,143
92,1,143
92,2,143
92,3,143
92,4,143
92,5,143
92,6,143
92,7,143
92,0,144
92,1,144
92,0,150
92,1,150
92,4,150
92,5,150
93,0,18
93,1,18
93,2,18
93,3,18
93,6,24
93,7,24
93,0,25
93,1,25
93,4,31
93,5,31
93,6,31
93,7,31
93,4,38
93,5,38
93,0,45
93,1,45
93,2,45
93,3,45
93,6,51
93,7,51
93,0,52
93,1,52
93,2,52
93,3,52
93,6,58
93,7,58
93,0,59
93,1,59
93,4,65
93,5,65
93,6,65
93,7,65
93,0,66
93,1,66
93,2,72
93,3,72
93,4,72
93,5,72
93,6,72
93,7,72
93,2,79
93,3,79
93,4,79
93,5,79
93,0,86
93,1,86
93,2,86
93,3,86
93,2,93
93,3,93
93,4,93
93,5,93
93,0,95
93,1,95
93,0,100
93,1,100
93,2,100
93,3,100
93,0,102
93,1,102
93,2,102
93,3,102
93,4,102
93,5,102
93,0,103
93,1,103
93,2,107
93,3,107
93,4,108
93,5,108
93,6,108
93,7,108
93,0,109
93,1,109
93,2,109
93,3,109
93,4,109
93,5,109
93,6,109
93,7,109
93,0,110
93,1,110
93,2,114
93,3,114
93,4,114
93,5,114
93,2,115
93,3,115
93,4,115
93,5,115
93,6,116
93,7,116
93,0,117
93,1,117
93,2,117
93,3,117
93,2,121
93,3,121
93,4,121
93,5,121
93,0,122
93,1,122
93,2,122
93,3,122
93,0,124
93,1,124
93,2,128
93,3,128
93,4,128
93,5,128
93,6,128
93,7,128
93,0,129
93,1,129
93,2,129
93,3,129
93,6,130
93,7,130
93,0,131
93,1,131
93,4,135
93,5,135
93,6,135
93,7,135
93,0,136
93,1,136
93,2,136
93,3,136
93,4,136
93,5,136
93,6,136
93,7,136
93,0,137
93,1,137
93,2,137
93,3,137
93,4,137
93,5,137
93,6,137
93,7,137
93,0,143
93,1,143
93,2,143
93,3,143
93,4,143
93,5,143
93,6,143
93,7,143
93,0,144
93,1,144
93,2,144
93,3,144
93,4,144
93,5,144
93,6,149
93,7,149
93,4,150
93,5,150
93,6,150
93,7,150
94,6,17
94,7,17
94,0,18
94,1,18
94,2,18
94,3,18
94,6,24
94,7,24
94,0,25
94,1,25
94,2,25
94,3,25
94,4,25
94,5,25
94,4,31
94,5,31
94,6,31
94,7,31
94,0,32
94,1,32
94,4,38
94,5,38
94,0,45
94,1,45
94,2,45
94,3,45
94,4,45
94,5,45
94,6,51
94,7,51
94,0,52
94,1,52
94,2,52
94,3,52
94,6,58
94,7,58
94,0,59
94,1,59
94,4,65
94,5,65
94,2,72
94,3,72
94,4,72
94,5,72
94,2,79
94,3,79
94,4,79
94,5,79
94,2,86
94,3,86
94,2,93
94,3,93
94,0,100
94,1,100
94,2,100
94,3,100
94,0,102
94,1,102
94,2,102
94,3,102
94,4,102
94,5,102
94,0,103
94,1,103
94,2,107
94,3,107
94,4,107
94,5,107
94,4,108
94,5,108
94,6,108
94,7,108
94,0,109
94,1,109
94,2,109
94,3,109
94,4,109
94,5,109
94,6,109
94,7,109
94,2,114
94,3,114
94,4,114
94,5,114
94,2,115
94,3,115
94,4,115
94,5,115
94,6,116
94,7,116
94,0,117
94,1,117
94,0,121
94,1,121
94,4,121
94,5,121
94,6,121
94,7,121
94,0,122
94,1,122
94,2,122
94,3,122
94,4,122
94,5,122
94,6,123
94,7,123
94,0,124
94,1,124
94,4,128
94,5,128
94,6,128
94,7,128
94,0,129
94,1,129
94,2,129
94,3,129
94,4,130
94,5,130
94,6,130
94,7,130
94,0,131
94,1,131
94,6,135
94,7,135
94,0,136
94,1,136
94,2,136
94,3,136
94,4,136
94,5,136
94,6,136
94,7,136
94,0,137
94,1,137
94,2,137
94,3,137
94,4,137
94,5,137
94,6,137
94,7,137
94,0,138
94,1,138
94,0,143
94,1,143
94,2,143
94,3,143
94,4,143
94,5,143
94,6,143
94,7,143
94,0,144
94,1,144
94,2,144
94,3,144
94,4,144
94,5,144
94,6,144
94,7,144
94,2,150
94,3,150
94,4,150
94,5,150
95,2,18
95,3,18
95,4,18
95,5,18
95,6,24
95,7,24
95,0,25
95,1,25
95,4,31
95,5,31
95,6,31
95,7,31
95,4,38
95,5,38
95,0,45
95,1,45
95,2,45
95,3,45
95,6,51
95,7,51
95,0,52
95,1,52
95,2,52
95,3,52
95,6,58
95,7,58
95,4,65
95,5,65
95,6,65
95,7,65
95,4,72
95,5,72
95,2,79
95,3,79
95,4,79
95,5,79
95,2,86
95,3,86
95,4,86
95,5,86
95,0,93
95,1,93
95,2,93
95,3,93
95,2,100
95,3,100
95,4,100
95,5,100
95,6,101
95,7,101
95,0,102
95,1,102
95,2,102
95,3,102
95,4,102
95,5,102
95,0,107
95,1,107
95,2,107
95,3,107
95,6,108
95,7,108
95,0,109
95,1,109
95,2,109
95,3,109
95,4,109
95,5,109
95,6,109
95,7,109
95,0,114
95,1,114
95,2,114
95,3,114
95,4,114
95,5,114
95,0,115
95,1,115
95,2,115
95,3,115
95,0,116
95,1,116
95,6,116
95,7,116
95,0,117
95,1,117
95,4,121
95,5,121
95,6,121
95,7,121
95,0,122
95,1,122
95,2,122
95,3,122
95,6,123
95,7,123
95,0,124
95,1,124
95,2,128
95,3,128
95,4,128
95,5,128
95,6,128
95,7,128
95,0,129
95,1,129
95,2,129
95,3,129
95,4,130
95,5,130
95,6,130
95,7,130
95,0,131
95,1,131
95,2,131
95,3,131
95,4,135
95,5,135
95,6,135
95,7,135
95,0,136
95,1,136
95,2,136
95,3,136
95,6,136
95,7,136
95,0,137
95,1,137
95,2,137
95,3,137
95,4,137
95,5,137
95,6,137
95,7,137
95,0,138
95,1,138
95,2,138
95,3,138
95,0,143
95,1,143
95,4,143
95,5,143
95,6,143
95,7,143
95,0,144
95,1,144
95,2,144
95,3,144
95,4,144
95,5,144
95,0,150
95,1,150
95,2,150
95,3,150
95,4,150
95,5,150
96,2,18
96,3,18
96,4,18
96,5,18
96,6,24
96,7,24
96,0,25
96,1,25
96,2,25
96,3,25
96,4,31
96,5,31
96,6,31
96,7,31
96,0,32
96,1,32
96,2,38
96,3,38
96,4,38
96,5,38
96,2,45
96,3,45
96,4,45
96,5,45
96,0,52
96,1,52
96,2,52
96,3,52
96,6,58
96,7,58
96,0,59
96,1,59
96,4,65
96,5,65
96,6,65
96,7,65
96,4,72
96,5,72
96,2,79
96,3,79
96,4,79
96,5,79
96,2,86
96,3,86
96,4,86
96,5,86
96,0,93
96,1,93
96,2,93
96,3,93
96,0,100
96,1,100
96,2,100
96,3,100
96,6,101
96,7,101
96,0,102
96,1,102
96,2,102
96,3,102
96,4,102
96,5,102
96,6,102
96,7,102
96,2,107
96,3,107
96,4,107
96,5,107
96,4,108
96,5,108
96,6,108
96,7,108
96,0,109
96,1,109
96,2,109
96,3,109
96,4,109
96,5,109
96,6,109
96,7,109
96,0,110
96,1,110
96,0,114
96,1,114
96,2,114
96,3,114
96,4,114
96,5,114
96,0,115
96,1,115
96,2,115
96,3,115
96,4,115
96,5,115
96,6,116
96,7,116
96,0,117
96,1,117
96,2,121
96,3,121
96,4,121
96,5,121
96,6,121
96,7,121
96,0,122
96,1,122
96,2,122
96,3,122
96,0,124
96,1,124
96,4,128
96,5,128
96,6,128
96,7,128
96,0,129
96,1,129
96,2,129
96,3,129
96,6,130
96,7,130
96,0,131
96,1,131
96,2,131
96,3,131
96,6,135
96,7,135
96,0,136
96,1,136
96,2,136
96,3,136
96,4,136
96,5,136
96,0,137
96,1,137
96,2,137
96,3,137
96,4,137
96,5,137
96,6,137
96,7,137
96,0,138
96,1,138
96,0,143
96,1,143
96,2,143
96,3,143
96,4,143
96,5,143
96,6,143
96,7,143
96,0,144
96,1,144
96,2,144
96,3,144
96,4,144
96,5,144
96,6,149
96,7,149
96,0,150
96,1,150
96,2,150
96,3,150
96,0,151
96,1,151
97,2,18
97,3,18
97,4,18
97,5,18
97,6,24
97,7,24
97,2,25
97,3,25
97,4,31
97,5,31
97,6,31
97,7,31
97,2,38
97,3,38
97,4,38
97,5,38
97,0,45
97,1,45
97,2,45
97,3,45
97,0,52
97,1,52
97,2,52
97,3,52
97,4,58
97,5,58
97,6,58
97,7,58
97,0,59
97,1,59
97,4,65
97,5,65
97,6,65
97,7,65
97,4,72
97,5,72
97,2,79
97,3,79
97,4,79
97,5,79
97,2,86
97,3,86
97,2,93
97,3,93
97,0,100
97,1,100
97,2,100
97,3,100
97,6,101
97,7,101
97,0,102
97,1,102
97,2,102
97,3,102
97,4,102
97,5,102
97,2,107
97,3,107
97,4,107
97,5,107
97,4,108
97,5,108
97,6,108
97,7,108
97,0,109
97,1,109
97,2,109
97,3,109
97,4,109
97,5,109
97,6,109
97,7,109
97,2,114
97,3,114
97,0,115
97,1,115
97,2,115
97,3,115
97,4,115
97,5,115
97,6,116
97,7,116
97,0,117
97,1,117
97,2,121
97,3,121
97,4,121
97,5,121
97,6,121
97,7,121
97,0,122
97,1,122
97,2,122
97,3,122
97,6,123
97,7,123
97,0,124
97,1,124
97,2,124
97,3,124
97,4,128
97,5,128
97,6,128
97,7,128
97,0,129
97,1,129
97,6,130
97,7,130
97,0,131
97,1,131
97,4,135
97,5,135
97,6,135
97,7,135
97,0,136
97,1,136
97,4,136
97,5,136
97,6,136
97,7,136
97,0,137
97,1,137
97,2,137
97,3,137
97,4,137
97,5,137
97,6,137
97,7,137
97,0,138
97,1,138
97,6,142
97,7,142
97,0,143
97,1,143
97,2,143
97,3,143
97,4,143
97,5,143
97,6,143
97,7,143
97,0,144
97,1,144
97,2,144
97,3,144
97,4,144
97,5,144
97,6,149
97,7,149
97,2,150
97,3,150
97,6,150
97,7,150
98,0,18
98,1,18
98,2,18
98,3,18
98,4,18
98,5,18
98,6,24
98,7,24
98,0,25
98,1,25
98,2,25
98,3,25
98,6,31
98,7,31
98,2,38
98,3,38
98,4,38
98,5,38
98,2,45
98,3,45
98,0,52
98,1,52
98,2,52
98,3,52
98,6,58
98,7,58
98,0,59
98,1,59
98,4,65
98,5,65
98,6,65
98,7,65
98,4,72
98,5,72
98,2,79
98,3,79
98,2,86
98,3,86
98,4,86
98,5,86
98,0,93
98,1,93
98,2,93
98,3,93
98,0,100
98,1,100
98,2,100
98,3,100
98,6,101
98,7,101
98,0,102
98,1,102
98,2,102
98,3,102
98,4,102
98,5,102
98,6,102
98,7,102
98,0,107
98,1,107
98,2,107
98,3,107
98,4,108
98,5,108
98,6,108
98,7,108
98,0,109
98,1,109
98,2,109
98,3,109
98,4,109
98,5,109
98,6,109
98,7,109
98,0,110
98,1,110
98,0,114
98,1,114
98,2,114
98,3,114
98,4,114
98,5,114
98,2,115
98,3,115
98,4,115
98,5,115
98,6,115
98,7,115
98,4,116
98,5,116
98,6,116
98,7,116
98,0,117
98,1,117
98,2,117
98,3,117
98,2,121
98,3,121
98,4,121
98,5,121
98,6,121
98,7,121
98,0,122
98,1,122
98,2,122
98,3,122
98,4,122
98,5,122
98,0,124
98,1,124
98,4,128
98,5,128
98,6,128
98,7,128
98,0,129
98,1,129
98,2,129
98,3,129
98,4,130
98,5,130
98,0,131
98,1,131
98,2,131
98,3,131
98,4,135
98,5,135
98,6,135
98,7,135
98,0,136
98,1,136
98,2,136
98,3,136
98,6,136
98,7,136
98,0,137
98,1,137
98,2,137
98,3,137
98,4,137
98,5,137
98,6,137
98,7,137
98,0,138
98,1,138
98,6,142
98,7,142
98,0,143
98,1,143
98,2,143
98,3,143
98,4,143
98,5,143
98,6,143
98,7,143
98,0,144
98,1,144
98,4,144
98,5,144
98,2,150
98,3,150
98,4,150
98,5,150
99,0,18
99,1,18
99,2,18
99,3,18
99,4,18
99,5,18
99,6,24
99,7,24
99,0,25
99,1,25
99,2,25
99,3,25
99,4,25
99,5,25
99,4,31
99,5,31
99,6,31
99,7,31
99,0,32
99,1,32
99,2,38
99,3,38
99,6,38
99,7,38
99,0,45
99,1,45
99,2,45
99,3,45
99,4,45
99,5,45
99,0,52
99,1,52
99,2,52
99,3,52
99,6,58
99,7,58
99,0,59
99,1,59
99,4,65
99,5,65
99,6,65
99,7,65
99,2,72
99,3,72
99,4,72
99,5,72
99,2,79
99,3,79
99,4,79
99,5,79
99,2,86
99,3,86
99,0,93
99,1,93
99,2,93
99,3,93
99,2,100
99,3,100
99,6,101
99,7,101
99,0,102
99,1,102
99,2,102
99,3,102
99,4,102
99,5,102
99,2,107
99,3,107
99,4,108
99,5,108
99,6,108
99,7,108
99,0,109
99,1,109
99,2,109
99,3,109
99,4,109
99,5,109
99,6,109
99,7,109
99,2,114
99,3,114
99,2,115
99,3,115
99,4,115
99,5,115
99,6,116
99,7,116
99,0,117
99,1,117
99,2,121
99,3,121
99,4,121
99,5,121
99,6,121
99,7,121
99,0,122
99,1,122
99,2,122
99,3,122
99,6,123
99,7,123
99,0,124
99,1,124
99,2,124
99,3,124
99,4,128
99,5,128
99,6,128
99,7,128
99,0,129
99,1,129
99,2,129
99,3,129
99,4,130
99,5,130
99,0,131
99,1,131
99,6,135
99,7,135
99,0,136
99,1,136
99,2,136
99,3,136
99,2,137
99,3,137
99,4,137
99,5,137
99,6,137
99,7,137
99,6,142
99,7,142
99,0,143
99,1,143
99,2,143
99,3,143
99,4,143
99,5,143
99,6,143
99,7,143
99,0,144
99,1,144
99,2,144
99,3,144
99,4,144
99,5,144
99,0,150
99,1,150
99,2,150
99,3,150
99,4,150
99,5,150
99,6,150
99,7,150
