0,0,30
0,1,30
0,2,30
0,3,30
0,4,30
0,5,30
0,6,30
0,7,30
0,2,31
0,3,31
0,4,31
0,5,31
0,6,31
0,7,31
0,0,32
0,1,32
0,2,32
0,3,32
0,6,36
0,7,36
0,0,37
0,1,37
0,2,37
0,3,37
0,4,37
0,5,37
0,6,37
0,7,37
0,0,38
0,1,38
0,2,38
0,3,38
0,4,38
0,5,38
0,6,38
0,7,38
0,6,43
0,7,43
0,0,44
0,1,44
0,2,44
0,3,44
0,6,44
0,7,44
0,2,45
0,3,45
0,4,45
0,5,45
0,0,51
0,1,51
0,2,51
0,3,51
0,0,58
0,1,58
0,2,58
0,3,58
0,4,58
0,5,58
0,0,65
0,1,65
0,2,65
0,3,65
0,4,72
0,5,72
0,6,72
0,7,72
0,2,79
0,3,79
0,4,79
0,5,79
0,6,79
0,7,79
0,4,86
0,5,86
0,6,86
0,7,86
0,2,88
0,3,88
0,4,88
0,5,88
0,6,88
0,7,88
0,0,89
0,1,89
0,4,93
0,5,93
0,6,93
0,7,93
0,0,94
0,1,94
0,4,94
0,5,94
0,6,94
0,7,94
0,0,95
0,1,95
0,2,95
0,3,95
0,4,95
0,5,95
0,6,95
0,7,95
0,0,96
0,1,96
0,2,96
0,3,96
0,4,100
0,5,100
0,6,100
0,7,100
0,0,101
0,1,101
0,2,101
0,3,101
0,4,101
0,5,101
0,6,101
0,7,101
0,0,102
0,1,102
0,0,103
0,1,103
0,2,103
0,3,103
0,4,103
0,5,103
0,6,107
0,7,107
0,0,108
0,1,108
0,2,108
0,3,108
0,4,108
0,5,108
0,0,109
0,1,109
0,4,110
0,5,110
0,6,110
0,7,110
0,6,114
0,7,114
0,0,115
0,1,115
0,4,117
0,5,117
0,6,117
0,7,117
0,0,118
0,1,118
0,4,121
0,5,121
0,6,121
0,7,121
0,0,122
0,1,122
0,4,124
0,5,124
0,6,124
0,7,124
0,0,129
0,1,129
0,4,131
0,5,131
0,6,131
0,7,131
0,2,135
0,3,135
0,4,138
0,5,138
0,6,138
0,7,138
0,2,142
0,3,142
0,4,142
0,5,142
0,2,145
0,3,145
0,4,145
0,5,145
0,6,145
0,7,145
0,0,149
0,1,149
0,2,149
0,3,149
0,4,149
0,5,149
0,6,149
0,7,149
0,6,151
0,7,151
0,0,152
0,1,152
0,2,152
0,3,152
0,0,156
0,1,156
0,2,156
0,3,156
0,4,156
0,5,156
0,6,156
0,7,156
0,0,157
0,1,157
0,2,157
0,3,157
0,4,157
0,5,157
0,6,157
0,7,157
0,0,158
0,1,158
0,2,158
0,3,158
0,4,158
0,5,158
0,6,158
0,7,158
0,0,159
0,1,159
0,2,163
0,3,163
0,4,163
0,5,163
0,6,163
0,7,163
0,2,164
0,3,164
0,4,164
0,5,164
0,6,164
0,7,164
0,0,165
0,1,165
0,2,165
0,3,165
0,4,165
0,5,165
0,6,165
0,7,165
1,0,30
1,1,30
1,2,30
1,3,30
1,4,30
1,5,30
1,6,30
1,7,30
1,0,31
1,1,31
1,2,31
1,3,31
1,4,31
1,5,31
1,6,31
1,7,31
1,0,32
1,1,32
1,2,32
1,3,32
1,0,37
1,1,37
1,2,37
1,3,37
1,4,37
1,5,37
1,6,37
1,7,37
1,0,38
1,1,38
1,2,38
1,3,38
1,4,38
1,5,38
1,6,38
1,7,38
1,0,44
1,1,44
1,2,44
1,3,44
1,6,44
1,7,44
1,4,45
1,5,45
1,0,51
1,1,51
1,2,51
1,3,51
1,0,58
1,1,58
1,2,58
1,3,58
1,4,58
1,5,58
1,2,65
1,3,65
1,4,65
1,5,65
1,2,72
1,3,72
1,4,72
1,5,72
1,4,79
1,5,79
1,6,79
1,7,79
1,4,86
1,5,86
1,6,86
1,7,86
1,0,88
1,1,88
1,4,88
1,5,88
1,6,88
1,7,88
1,0,89
1,1,89
1,4,93
1,5,93
1,6,93
1,7,93
1,0,94
1,1,94
1,4,94
1,5,94
1,6,94
1,7,94
1,0,95
1,1,95
1,2,95
1,3,95
1,4,95
1,5,95
1,6,95
1,7,95
1,0,96
1,1,96
1,2,96
1,3,96
1,4,100
1,5,100
1,6,100
1,7,100
1,0,101
1,1,101
1,2,101
1,3,101
1,6,101
1,7,101
1,0,102
1,1,102
1,2,102
1,3,102
1,4,102
1,5,102
1,6,102
1,7,102
1,0,103
1,1,103
1,2,103
1,3,103
1,4,103
1,5,103
1,6,103
1,7,103
1,6,107
1,7,107
1,0,108
1,1,108
1,2,108
1,3,108
1,4,108
1,5,108
1,6,108
1,7,108
1,2,110
1,3,110
1,4,110
1,5,110
1,6,110
1,7,110
1,6,114
1,7,114
1,0,115
1,1,115
1,2,115
1,3,115
1,4,117
1,5,117
1,6,117
1,7,117
1,4,121
1,5,121
1,6,121
1,7,121
1,0,122
1,1,122
1,4,124
1,5,124
1,6,124
1,7,124
1,0,125
1,1,125
1,4,128
1,5,128
1,6,128
1,7,128
1,4,131
1,5,131
1,6,131
1,7,131
1,0,135
1,1,135
1,4,138
1,5,138
1,2,142
1,3,142
1,0,145
1,1,145
1,2,145
1,3,145
1,4,145
1,5,145
1,2,149
1,3,149
1,4,149
1,5,149
1,6,149
1,7,149
1,2,150
1,3,150
1,0,151
1,1,151
1,4,151
1,5,151
1,6,151
1,7,151
1,0,152
1,1,152
1,2,152
1,3,152
1,2,156
1,3,156
1,4,156
1,5,156
1,6,156
1,7,156
1,0,157
1,1,157
1,2,157
1,3,157
1,4,157
1,5,157
1,6,157
1,7,157
1,0,158
1,1,158
1,2,158
1,3,158
1,4,158
1,5,158
1,6,158
1,7,158
1,0,159
1,1,159
1,2,163
1,3,163
1,0,164
1,1,164
1,2,164
1,3,164
1,4,164
1,5,164
1,6,164
1,7,164
1,0,165
1,1,165
1,2,165
1,3,165
1,6,165
1,7,165
2,0,30
2,1,30
2,2,30
2,3,30
2,4,30
2,5,30
2,6,30
2,7,30
2,0,31
2,1,31
2,2,31
2,3,31
2,4,31
2,5,31
2,6,31
2,7,31
2,0,32
2,1,32
2,2,32
2,3,32
2,0,37
2,1,37
2,2,37
2,3,37
2,4,37
2,5,37
2,6,37
2,7,37
2,0,38
2,1,38
2,4,38
2,5,38
2,6,38
2,7,38
2,0,39
2,1,39
2,0,44
2,1,44
2,2,44
2,3,44
2,4,44
2,5,44
2,0,45
2,1,45
2,0,51
2,1,51
2,2,51
2,3,51
2,0,58
2,1,58
2,2,58
2,3,58
2,4,58
2,5,58
2,0,65
2,1,65
2,2,65
2,3,65
2,4,65
2,5,65
2,2,72
2,3,72
2,4,72
2,5,72
2,2,79
2,3,79
2,4,79
2,5,79
2,6,79
2,7,79
2,2,86
2,3,86
2,4,86
2,5,86
2,6,86
2,7,86
2,2,88
2,3,88
2,4,88
2,5,88
2,6,88
2,7,88
2,0,89
2,1,89
2,4,93
2,5,93
2,6,93
2,7,93
2,4,94
2,5,94
2,6,94
2,7,94
2,0,95
2,1,95
2,2,95
2,3,95
2,4,95
2,5,95
2,6,95
2,7,95
2,0,96
2,1,96
2,2,96
2,3,96
2,4,100
2,5,100
2,6,100
2,7,100
2,0,101
2,1,101
2,2,101
2,3,101
2,4,101
2,5,101
2,6,101
2,7,101
2,0,102
2,1,102
2,2,103
2,3,103
2,4,103
2,5,103
2,6,107
2,7,107
2,0,108
2,1,108
2,2,108
2,3,108
2,4,108
2,5,108
2,6,108
2,7,108
2,4,110
2,5,110
2,6,114
2,7,114
2,0,115
2,1,115
2,4,117
2,5,117
2,6,117
2,7,117
2,4,121
2,5,121
2,6,121
2,7,121
2,0,122
2,1,122
2,4,124
2,5,124
2,6,124
2,7,124
2,6,128
2,7,128
2,2,131
2,3,131
2,4,131
2,5,131
2,6,131
2,7,131
2,2,135
2,3,135
2,2,138
2,3,138
2,4,138
2,5,138
2,6,138
2,7,138
2,0,142
2,1,142
2,2,142
2,3,142
2,4,142
2,5,142
2,0,145
2,1,145
2,2,145
2,3,145
2,4,145
2,5,145
2,0,149
2,1,149
2,2,149
2,3,149
2,4,149
2,5,149
2,2,150
2,3,150
2,2,151
2,3,151
2,4,151
2,5,151
2,6,151
2,7,151
2,0,152
2,1,152
2,2,152
2,3,152
2,4,152
2,5,152
2,0,156
2,1,156
2,2,156
2,3,156
2,4,156
2,5,156
2,6,156
2,7,156
2,0,157
2,1,157
2,2,157
2,3,157
2,4,157
2,5,157
2,6,157
2,7,157
2,0,158
2,1,158
2,2,158
2,3,158
2,4,158
2,5,158
2,6,158
2,7,158
2,0,159
2,1,159
2,2,163
2,3,163
2,6,163
2,7,163
2,0,164
2,1,164
2,2,164
2,3,164
2,4,164
2,5,164
2,6,164
2,7,164
2,0,165
2,1,165
2,4,165
2,5,165
2,6,165
2,7,165
3,6,29
3,7,29
3,0,30
3,1,30
3,2,30
3,3,30
3,4,30
3,5,30
3,6,30
3,7,30
3,0,31
3,1,31
3,4,31
3,5,31
3,6,31
3,7,31
3,0,32
3,1,32
3,0,37
3,1,37
3,2,37
3,3,37
3,4,37
3,5,37
3,6,37
3,7,37
3,0,38
3,1,38
3,2,38
3,3,38
3,4,38
3,5,38
3,6,38
3,7,38
3,0,39
3,1,39
3,0,44
3,1,44
3,2,44
3,3,44
3,6,44
3,7,44
3,2,45
3,3,45
3,4,45
3,5,45
3,0,51
3,1,51
3,2,51
3,3,51
3,4,51
3,5,51
3,0,58
3,1,58
3,0,65
3,1,65
3,2,65
3,3,65
3,4,65
3,5,65
3,2,72
3,3,72
3,4,72
3,5,72
3,6,72
3,7,72
3,2,79
3,3,79
3,4,79
3,5,79
3,4,86
3,5,86
3,6,86
3,7,86
3,0,88
3,1,88
3,4,88
3,5,88
3,6,88
3,7,88
3,0,89
3,1,89
3,4,93
3,5,93
3,6,93
3,7,93
3,0,94
3,1,94
3,6,94
3,7,94
3,0,95
3,1,95
3,2,95
3,3,95
3,4,95
3,5,95
3,6,95
3,7,95
3,0,96
3,1,96
3,2,96
3,3,96
3,4,100
3,5,100
3,6,100
3,7,100
3,0,101
3,1,101
3,2,101
3,3,101
3,4,101
3,5,101
3,6,101
3,7,101
3,0,102
3,1,102
3,0,103
3,1,103
3,2,103
3,3,103
3,4,103
3,5,103
3,4,107
3,5,107
3,6,107
3,7,107
3,0,108
3,1,108
3,2,108
3,3,108
3,4,108
3,5,108
3,6,108
3,7,108
3,0,109
3,1,109
3,4,110
3,5,110
3,6,110
3,7,110
3,6,114
3,7,114
3,0,115
3,1,115
3,4,117
3,5,117
3,6,117
3,7,117
3,6,121
3,7,121
3,0,122
3,1,122
3,4,124
3,5,124
3,6,124
3,7,124
3,4,128
3,5,128
3,0,129
3,1,129
3,4,131
3,5,131
3,6,131
3,7,131
3,2,135
3,3,135
3,2,138
3,3,138
3,4,138
3,5,138
3,6,138
3,7,138
3,2,142
3,3,142
3,4,142
3,5,142
3,2,145
3,3,145
3,4,145
3,5,145
3,2,149
3,3,149
3,4,149
3,5,149
3,4,150
3,5,150
3,4,151
3,5,151
3,6,151
3,7,151
3,0,152
3,1,152
3,2,152
3,3,152
3,4,152
3,5,152
3,2,156
3,3,156
3,4,156
3,5,156
3,6,156
3,7,156
3,0,157
3,1,157
3,2,157
3,3,157
3,4,157
3,5,157
3,6,157
3,7,157
3,0,158
3,1,158
3,2,158
3,3,158
3,4,158
3,5,158
3,6,158
3,7,158
3,0,159
3,1,159
3,2,159
3,3,159
3,0,164
3,1,164
3,2,164
3,3,164
3,4,164
3,5,164
3,6,164
3,7,164
3,0,165
3,1,165
3,2,165
3,3,165
3,4,165
3,5,165
4,0,30
4,1,30
4,2,30
4,3,30
4,4,30
4,5,30
4,0,31
4,1,31
4,2,31
4,3,31
4,4,31
4,5,31
4,0,32
4,1,32
4,6,36
4,7,36
4,0,37
4,1,37
4,2,37
4,3,37
4,4,37
4,5,37
4,6,37
4,7,37
4,0,38
4,1,38
4,2,38
4,3,38
4,4,38
4,5,38
4,0,39
4,1,39
4,6,43
4,7,43
4,0,44
4,1,44
4,2,44
4,3,44
4,6,44
4,7,44
4,0,45
4,1,45
4,0,51
4,1,51
4,2,51
4,3,51
4,0,58
4,1,58
4,2,58
4,3,58
4,4,58
4,5,58
4,2,65
4,3,65
4,4,65
4,5,65
4,2,72
4,3,72
4,4,72
4,5,72
4,6,72
4,7,72
4,2,79
4,3,79
4,4,79
4,5,79
4,6,79
4,7,79
4,4,86
4,5,86
4,6,86
4,7,86
4,0,87
4,1,87
4,0,88
4,1,88
4,2,88
4,3,88
4,4,88
4,5,88
4,6,88
4,7,88
4,0,89
4,1,89
4,4,93
4,5,93
4,6,93
4,7,93
4,0,95
4,1,95
4,2,95
4,3,95
4,4,95
4,5,95
4,6,95
4,7,95
4,0,96
4,1,96
4,2,96
4,3,96
4,4,96
4,5,96
4,4,100
4,5,100
4,6,100
4,7,100
4,0,101
4,1,101
4,2,101
4,3,101
4,4,101
4,5,101
4,6,101
4,7,101
4,0,102
4,1,102
4,2,102
4,3,102
4,0,103
4,1,103
4,2,103
4,3,103
4,4,103
4,5,103
4,6,107
4,7,107
4,0,108
4,1,108
4,2,108
4,3,108
4,4,108
4,5,108
4,6,108
4,7,108
4,2,110
4,3,110
4,4,110
4,5,110
4,4,114
4,5,114
4,6,114
4,7,114
4,0,115
4,1,115
4,4,117
4,5,117
4,6,117
4,7,117
4,4,121
4,5,121
4,6,121
4,7,121
4,4,124
4,5,124
4,6,124
4,7,124
4,6,128
4,7,128
4,0,129
4,1,129
4,4,131
4,5,131
4,6,131
4,7,131
4,2,135
4,3,135
4,2,138
4,3,138
4,4,138
4,5,138
4,6,138
4,7,138
4,2,142
4,3,142
4,0,145
4,1,145
4,2,145
4,3,145
4,4,145
4,5,145
4,6,145
4,7,145
4,2,149
4,3,149
4,4,149
4,5,149
4,6,150
4,7,150
4,2,151
4,3,151
4,6,151
4,7,151
4,0,152
4,1,152
4,2,152
4,3,152
4,4,152
4,5,152
4,2,156
4,3,156
4,4,156
4,5,156
4,6,156
4,7,156
4,0,157
4,1,157
4,2,157
4,3,157
4,4,157
4,5,157
4,6,157
4,7,157
4,0,158
4,1,158
4,2,158
4,3,158
4,4,158
4,5,158
4,6,158
4,7,158
4,0,159
4,1,159
4,2,159
4,3,159
4,2,163
4,3,163
4,4,163
4,5,163
4,0,164
4,1,164
4,2,164
4,3,164
4,4,164
4,5,164
4,0,165
4,1,165
5,0,30
5,1,30
5,2,30
5,3,30
5,4,30
5,5,30
5,6,30
5,7,30
5,0,31
5,1,31
5,2,31
5,3,31
5,4,31
5,5,31
5,6,31
5,7,31
5,0,32
5,1,32
5,2,32
5,3,32
5,6,36
5,7,36
5,0,37
5,1,37
5,2,37
5,3,37
5,4,37
5,5,37
5,6,37
5,7,37
5,0,38
5,1,38
5,2,38
5,3,38
5,4,38
5,5,38
5,6,38
5,7,38
5,0,39
5,1,39
5,0,44
5,1,44
5,2,44
5,3,44
5,6,44
5,7,44
5,2,45
5,3,45
5,0,51
5,1,51
5,2,51
5,3,51
5,0,58
5,1,58
5,2,58
5,3,58
5,0,65
5,1,65
5,2,65
5,3,65
5,4,65
5,5,65
5,4,72
5,5,72
5,6,72
5,7,72
5,4,79
5,5,79
5,6,79
5,7,79
5,4,86
5,5,86
5,6,86
5,7,86
5,2,88
5,3,88
5,4,88
5,5,88
5,6,88
5,7,88
5,0,89
5,1,89
5,4,93
5,5,93
5,6,93
5,7,93
5,0,94
5,1,94
5,4,94
5,5,94
5,6,94
5,7,94
5,0,95
5,1,95
5,2,95
5,3,95
5,4,95
5,5,95
5,6,95
5,7,95
5,0,96
5,1,96
5,2,96
5,3,96
5,4,100
5,5,100
5,6,100
5,7,100
5,0,101
5,1,101
5,2,101
5,3,101
5,4,101
5,5,101
5,6,101
5,7,101
5,0,102
5,1,102
5,2,102
5,3,102
5,4,102
5,5,102
5,0,103
5,1,103
5,2,103
5,3,103
5,4,103
5,5,103
5,6,107
5,7,107
5,0,108
5,1,108
5,2,108
5,3,108
5,4,108
5,5,108
5,6,108
5,7,108
5,4,110
5,5,110
5,6,110
5,7,110
5,4,114
5,5,114
5,6,114
5,7,114
5,0,115
5,1,115
5,4,117
5,5,117
5,6,117
5,7,117
5,4,121
5,5,121
5,6,121
5,7,121
5,0,122
5,1,122
5,4,124
5,5,124
5,6,124
5,7,124
5,6,128
5,7,128
5,0,129
5,1,129
5,4,131
5,5,131
5,6,131
5,7,131
5,2,135
5,3,135
5,2,138
5,3,138
5,4,138
5,5,138
5,6,138
5,7,138
5,2,142
5,3,142
5,0,145
5,1,145
5,2,145
5,3,145
5,4,145
5,5,145
5,6,145
5,7,145
5,2,149
5,3,149
5,4,149
5,5,149
5,6,149
5,7,149
5,2,150
5,3,150
5,0,151
5,1,151
5,2,151
5,3,151
5,4,151
5,5,151
5,6,151
5,7,151
5,0,152
5,1,152
5,2,152
5,3,152
5,4,152
5,5,152
5,2,156
5,3,156
5,4,156
5,5,156
5,6,156
5,7,156
5,0,157
5,1,157
5,2,157
5,3,157
5,4,157
5,5,157
5,6,157
5,7,157
5,0,158
5,1,158
5,2,158
5,3,158
5,4,158
5,5,158
5,6,158
5,7,158
5,0,159
5,1,159
5,2,159
5,3,159
5,2,163
5,3,163
5,6,163
5,7,163
5,0,164
5,1,164
5,2,164
5,3,164
5,6,164
5,7,164
5,0,165
5,1,165
5,2,165
5,3,165
5,6,165
5,7,165
6,0,30
6,1,30
6,2,30
6,3,30
6,4,30
6,5,30
6,0,31
6,1,31
6,4,31
6,5,31
6,6,31
6,7,31
6,0,32
6,1,32
6,6,36
6,7,36
6,0,37
6,1,37
6,2,37
6,3,37
6,4,37
6,5,37
6,6,37
6,7,37
6,0,38
6,1,38
6,2,38
6,3,38
6,4,38
6,5,38
6,6,38
6,7,38
6,0,44
6,1,44
6,2,44
6,3,44
6,4,44
6,5,44
6,4,45
6,5,45
6,0,51
6,1,51
6,2,51
6,3,51
6,4,51
6,5,51
6,0,58
6,1,58
6,2,58
6,3,58
6,2,65
6,3,65
6,4,65
6,5,65
6,2,72
6,3,72
6,4,72
6,5,72
6,6,72
6,7,72
6,2,79
6,3,79
6,4,79
6,5,79
6,6,79
6,7,79
6,4,86
6,5,86
6,6,86
6,7,86
6,0,87
6,1,87
6,4,88
6,5,88
6,6,88
6,7,88
6,0,89
6,1,89
6,4,93
6,5,93
6,6,93
6,7,93
6,4,94
6,5,94
6,0,95
6,1,95
6,2,95
6,3,95
6,4,95
6,5,95
6,6,95
6,7,95
6,0,96
6,1,96
6,2,96
6,3,96
6,4,100
6,5,100
6,6,100
6,7,100
6,0,101
6,1,101
6,2,101
6,3,101
6,4,101
6,5,101
6,6,101
6,7,101
6,0,102
6,1,102
6,2,102
6,3,102
6,0,103
6,1,103
6,2,103
6,3,103
6,4,103
6,5,103
6,4,107
6,5,107
6,6,107
6,7,107
6,0,108
6,1,108
6,2,108
6,3,108
6,4,108
6,5,108
6,6,108
6,7,108
6,2,110
6,3,110
6,4,110
6,5,110
6,6,110
6,7,110
6,4,114
6,5,114
6,6,114
6,7,114
6,0,115
6,1,115
6,2,115
6,3,115
6,4,117
6,5,117
6,6,117
6,7,117
6,0,118
6,1,118
6,6,121
6,7,121
6,0,122
6,1,122
6,4,124
6,5,124
6,6,124
6,7,124
6,6,128
6,7,128
6,4,131
6,5,131
6,6,131
6,7,131
6,2,135
6,3,135
6,2,138
6,3,138
6,4,138
6,5,138
6,6,138
6,7,138
6,2,142
6,3,142
6,2,145
6,3,145
6,4,145
6,5,145
6,0,149
6,1,149
6,2,149
6,3,149
6,4,149
6,5,149
6,6,149
6,7,149
6,0,150
6,1,150
6,4,150
6,5,150
6,0,151
6,1,151
6,4,151
6,5,151
6,0,152
6,1,152
6,2,152
6,3,152
6,0,156
6,1,156
6,2,156
6,3,156
6,4,156
6,5,156
6,6,156
6,7,156
6,0,157
6,1,157
6,2,157
6,3,157
6,4,157
6,5,157
6,6,157
6,7,157
6,0,158
6,1,158
6,2,158
6,3,158
6,4,158
6,5,158
6,6,158
6,7,158
6,0,159
6,1,159
6,0,163
6,1,163
6,2,163
6,3,163
6,4,163
6,5,163
6,2,164
6,3,164
6,6,164
6,7,164
6,2,165
6,3,165
6,6,165
6,7,165
7,6,29
7,7,29
7,0,30
7,1,30
7,2,30
7,3,30
7,4,30
7,5,30
7,6,30
7,7,30
7,0,31
7,1,31
7,2,31
7,3,31
7,4,31
7,5,31
7,6,31
7,7,31
7,0,32
7,1,32
7,0,37
7,1,37
7,2,37
7,3,37
7,4,37
7,5,37
7,6,37
7,7,37
7,0,38
7,1,38
7,2,38
7,3,38
7,4,38
7,5,38
7,6,38
7,7,38
7,0,39
7,1,39
7,0,44
7,1,44
7,2,44
7,3,44
7,6,44
7,7,44
7,0,45
7,1,45
7,0,51
7,1,51
7,2,51
7,3,51
7,0,58
7,1,58
7,2,58
7,3,58
7,4,58
7,5,58
7,2,65
7,3,65
7,4,65
7,5,65
7,2,72
7,3,72
7,4,72
7,5,72
7,4,79
7,5,79
7,6,79
7,7,79
7,4,86
7,5,86
7,6,86
7,7,86
7,2,88
7,3,88
7,4,88
7,5,88
7,6,88
7,7,88
7,0,89
7,1,89
7,2,89
7,3,89
7,4,93
7,5,93
7,6,93
7,7,93
7,4,94
7,5,94
7,6,94
7,7,94
7,0,95
7,1,95
7,2,95
7,3,95
7,4,95
7,5,95
7,6,95
7,7,95
7,0,96
7,1,96
7,2,96
7,3,96
7,6,100
7,7,100
7,0,101
7,1,101
7,2,101
7,3,101
7,4,101
7,5,101
7,6,101
7,7,101
7,0,102
7,1,102
7,6,102
7,7,102
7,0,103
7,1,103
7,2,103
7,3,103
7,4,103
7,5,103
7,6,107
7,7,107
7,0,108
7,1,108
7,2,108
7,3,108
7,4,108
7,5,108
7,6,108
7,7,108
7,2,110
7,3,110
7,4,110
7,5,110
7,6,110
7,7,110
7,4,114
7,5,114
7,6,114
7,7,114
7,0,115
7,1,115
7,2,115
7,3,115
7,4,117
7,5,117
7,6,117
7,7,117
7,6,121
7,7,121
7,0,122
7,1,122
7,4,124
7,5,124
7,6,124
7,7,124
7,0,125
7,1,125
7,6,128
7,7,128
7,2,131
7,3,131
7,4,131
7,5,131
7,6,131
7,7,131
7,2,135
7,3,135
7,2,138
7,3,138
7,4,138
7,5,138
7,6,138
7,7,138
7,2,142
7,3,142
7,2,145
7,3,145
7,4,145
7,5,145
7,6,145
7,7,145
7,2,149
7,3,149
7,4,149
7,5,149
7,6,149
7,7,149
7,0,150
7,1,150
7,0,151
7,1,151
7,6,151
7,7,151
7,0,152
7,1,152
7,2,152
7,3,152
7,4,152
7,5,152
7,0,156
7,1,156
7,2,156
7,3,156
7,4,156
7,5,156
7,6,156
7,7,156
7,0,157
7,1,157
7,2,157
7,3,157
7,4,157
7,5,157
7,6,157
7,7,157
7,0,158
7,1,158
7,2,158
7,3,158
7,4,158
7,5,158
7,6,158
7,7,158
7,0,159
7,1,159
7,2,159
7,3,159
7,4,163
7,5,163
7,6,163
7,7,163
7,0,164
7,1,164
7,2,164
7,3,164
7,4,164
7,5,164
7,6,164
7,7,164
7,4,165
7,5,165
7,6,165
7,7,165
8,6,29
8,7,29
8,0,30
8,1,30
8,2,30
8,3,30
8,4,30
8,5,30
8,6,30
8,7,30
8,0,31
8,1,31
8,2,31
8,3,31
8,4,31
8,5,31
8,6,31
8,7,31
8,0,32
8,1,32
8,0,37
8,1,37
8,2,37
8,3,37
8,4,37
8,5,37
8,6,37
8,7,37
8,0,38
8,1,38
8,2,38
8,3,38
8,4,38
8,5,38
8,0,44
8,1,44
8,2,44
8,3,44
8,0,45
8,1,45
8,0,51
8,1,51
8,2,51
8,3,51
8,0,58
8,1,58
8,2,58
8,3,58
8,4,58
8,5,58
8,2,65
8,3,65
8,4,65
8,5,65
8,2,72
8,3,72
8,4,72
8,5,72
8,6,72
8,7,72
8,2,79
8,3,79
8,4,79
8,5,79
8,4,86
8,5,86
8,6,86
8,7,86
8,2,88
8,3,88
8,4,88
8,5,88
8,6,88
8,7,88
8,0,89
8,1,89
8,2,89
8,3,89
8,4,93
8,5,93
8,6,93
8,7,93
8,0,94
8,1,94
8,2,94
8,3,94
8,0,95
8,1,95
8,2,95
8,3,95
8,4,95
8,5,95
8,6,95
8,7,95
8,0,96
8,1,96
8,2,96
8,3,96
8,4,100
8,5,100
8,6,100
8,7,100
8,0,101
8,1,101
8,2,101
8,3,101
8,4,101
8,5,101
8,6,101
8,7,101
8,0,102
8,1,102
8,2,102
8,3,102
8,4,102
8,5,102
8,0,103
8,1,103
8,2,103
8,3,103
8,4,103
8,5,103
8,6,107
8,7,107
8,0,108
8,1,108
8,2,108
8,3,108
8,4,108
8,5,108
8,6,108
8,7,108
8,2,110
8,3,110
8,4,110
8,5,110
8,4,114
8,5,114
8,6,114
8,7,114
8,0,115
8,1,115
8,2,115
8,3,115
8,4,117
8,5,117
8,6,117
8,7,117
8,4,121
8,5,121
8,6,121
8,7,121
8,0,122
8,1,122
8,2,122
8,3,122
8,4,124
8,5,124
8,6,124
8,7,124
8,6,128
8,7,128
8,0,129
8,1,129
8,2,131
8,3,131
8,4,131
8,5,131
8,6,131
8,7,131
8,2,138
8,3,138
8,4,138
8,5,138
8,6,138
8,7,138
8,0,142
8,1,142
8,2,142
8,3,142
8,2,145
8,3,145
8,4,145
8,5,145
8,0,149
8,1,149
8,2,149
8,3,149
8,6,149
8,7,149
8,0,150
8,1,150
8,0,151
8,1,151
8,2,151
8,3,151
8,6,151
8,7,151
8,0,152
8,1,152
8,2,152
8,3,152
8,0,156
8,1,156
8,2,156
8,3,156
8,4,156
8,5,156
8,6,156
8,7,156
8,0,157
8,1,157
8,2,157
8,3,157
8,4,157
8,5,157
8,6,157
8,7,157
8,0,158
8,1,158
8,2,158
8,3,158
8,4,158
8,5,158
8,6,158
8,7,158
8,0,159
8,1,159
8,4,163
8,5,163
8,0,164
8,1,164
8,2,164
8,3,164
8,4,164
8,5,164
8,6,164
8,7,164
8,0,165
8,1,165
8,2,165
8,3,165
8,4,165
8,5,165
8,0,166
8,1,166
9,0,30
9,1,30
9,2,30
9,3,30
9,4,30
9,5,30
9,6,30
9,7,30
9,2,31
9,3,31
9,4,31
9,5,31
9,6,31
9,7,31
9,0,32
9,1,32
9,0,37
9,1,37
9,2,37
9,3,37
9,4,37
9,5,37
9,6,37
9,7,37
9,0,38
9,1,38
9,2,38
9,3,38
9,4,38
9,5,38
9,6,38
9,7,38
9,0,44
9,1,44
9,2,44
9,3,44
9,4,44
9,5,44
9,6,44
9,7,44
9,0,51
9,1,51
9,2,51
9,3,51
9,4,51
9,5,51
9,0,58
9,1,58
9,2,58
9,3,58
9,4,58
9,5,58
9,2,65
9,3,65
9,4,65
9,5,65
9,4,72
9,5,72
9,2,79
9,3,79
9,4,79
9,5,79
9,6,79
9,7,79
9,4,86
9,5,86
9,6,86
9,7,86
9,2,88
9,3,88
9,4,88
9,5,88
9,6,88
9,7,88
9,0,89
9,1,89
9,4,93
9,5,93
9,6,93
9,7,93
9,0,94
9,1,94
9,2,94
9,3,94
9,6,94
9,7,94
9,0,95
9,1,95
9,2,95
9,3,95
9,4,95
9,5,95
9,6,95
9,7,95
9,0,96
9,1,96
9,2,96
9,3,96
9,4,100
9,5,100
9,6,100
9,7,100
9,0,101
9,1,101
9,2,101
9,3,101
9,4,101
9,5,101
9,6,101
9,7,101
9,0,102
9,1,102
9,0,103
9,1,103
9,2,103
9,3,103
9,4,103
9,5,103
9,6,107
9,7,107
9,0,108
9,1,108
9,2,108
9,3,108
9,4,108
9,5,108
9,6,108
9,7,108
9,0,109
9,1,109
9,2,110
9,3,110
9,4,110
9,5,110
9,6,110
9,7,110
9,4,114
9,5,114
9,6,114
9,7,114
9,0,115
9,1,115
9,4,117
9,5,117
9,6,117
9,7,117
9,4,121
9,5,121
9,6,121
9,7,121
9,0,122
9,1,122
9,4,124
9,5,124
9,6,124
9,7,124
9,0,125
9,1,125
9,4,128
9,5,128
9,6,128
9,7,128
9,0,129
9,1,129
9,4,131
9,5,131
9,6,131
9,7,131
9,2,135
9,3,135
9,4,138
9,5,138
9,6,138
9,7,138
9,2,142
9,3,142
9,2,145
9,3,145
9,4,145
9,5,145
9,6,145
9,7,145
9,0,149
9,1,149
9,2,149
9,3,149
9,4,149
9,5,149
9,6,149
9,7,149
9,0,151
9,1,151
9,4,151
9,5,151
9,6,151
9,7,151
9,0,152
9,1,152
9,2,152
9,3,152
9,4,152
9,5,152
9,0,156
9,1,156
9,2,156
9,3,156
9,4,156
9,5,156
9,6,156
9,7,156
9,0,157
9,1,157
9,2,157
9,3,157
9,4,157
9,5,157
9,6,157
9,7,157
9,0,158
9,1,158
9,2,158
9,3,158
9,4,158
9,5,158
9,6,158
9,7,158
9,0,159
9,1,159
9,2,159
9,3,159
9,4,163
9,5,163
9,6,163
9,7,163
9,0,164
9,1,164
9,2,164
9,3,164
9,0,165
9,1,165
9,2,165
9,3,165
9,4,165
9,5,165
9,6,165
9,7,165
10,0,30
10,1,30
10,2,30
10,3,30
10,6,30
10,7,30
10,2,31
10,3,31
10,4,31
10,5,31
10,6,31
10,7,31
10,0,32
10,1,32
10,6,36
10,7,36
10,0,37
10,1,37
10,2,37
10,3,37
10,4,37
10,5,37
10,6,37
10,7,37
10,0,38
10,1,38
10,2,38
10,3,38
10,4,38
10,5,38
10,6,38
10,7,38
10,0,39
10,1,39
10,2,39
10,3,39
10,0,44
10,1,44
10,2,44
10,3,44
10,0,45
10,1,45
10,0,51
10,1,51
10,2,51
10,3,51
10,0,58
10,1,58
10,2,58
10,3,58
10,2,65
10,3,65
10,4,65
10,5,65
10,2,72
10,3,72
10,4,72
10,5,72
10,4,79
10,5,79
10,4,86
10,5,86
10,6,86
10,7,86
10,0,87
10,1,87
10,4,88
10,5,88
10,6,88
10,7,88
10,0,89
10,1,89
10,4,93
10,5,93
10,6,93
10,7,93
10,4,94
10,5,94
10,6,94
10,7,94
10,0,95
10,1,95
10,2,95
10,3,95
10,4,95
10,5,95
10,6,95
10,7,95
10,0,96
10,1,96
10,2,96
10,3,96
10,4,100
10,5,100
10,6,100
10,7,100
10,0,101
10,1,101
10,2,101
10,3,101
10,4,101
10,5,101
10,6,101
10,7,101
10,0,102
10,1,102
10,0,103
10,1,103
10,2,103
10,3,103
10,4,103
10,5,103
10,6,107
10,7,107
10,0,108
10,1,108
10,2,108
10,3,108
10,4,108
10,5,108
10,6,108
10,7,108
10,2,110
10,3,110
10,4,110
10,5,110
10,6,110
10,7,110
10,4,114
10,5,114
10,6,114
10,7,114
10,0,115
10,1,115
10,4,117
10,5,117
10,6,117
10,7,117
10,6,121
10,7,121
10,0,122
10,1,122
10,4,124
10,5,124
10,6,124
10,7,124
10,4,128
10,5,128
10,6,128
10,7,128
10,0,129
10,1,129
10,4,131
10,5,131
10,6,131
10,7,131
10,2,135
10,3,135
10,2,138
10,3,138
10,4,138
10,5,138
10,6,138
10,7,138
10,2,142
10,3,142
10,2,145
10,3,145
10,4,145
10,5,145
10,0,149
10,1,149
10,2,149
10,3,149
10,4,149
10,5,149
10,2,150
10,3,150
10,2,151
10,3,151
10,6,151
10,7,151
10,0,152
10,1,152
10,2,152
10,3,152
10,2,156
10,3,156
10,4,156
10,5,156
10,6,156
10,7,156
10,0,157
10,1,157
10,2,157
10,3,157
10,4,157
10,5,157
10,6,157
10,7,157
10,0,158
10,1,158
10,2,158
10,3,158
10,4,158
10,5,158
10,6,158
10,7,158
10,0,159
10,1,159
10,2,163
10,3,163
10,4,163
10,5,163
10,6,163
10,7,163
10,0,164
10,1,164
10,6,164
10,7,164
10,0,165
10,1,165
10,2,165
10,3,165
10,6,165
10,7,165
11,0,30
11,1,30
11,2,30
11,3,30
11,6,30
11,7,30
11,0,31
11,1,31
11,2,31
11,3,31
11,4,31
11,5,31
11,6,31
11,7,31
11,0,32
11,1,32
11,2,32
11,3,32
11,0,37
11,1,37
11,2,37
11,3,37
11,4,37
11,5,37
11,6,37
11,7,37
11,0,38
11,1,38
11,2,38
11,3,38
11,4,38
11,5,38
11,0,44
11,1,44
11,2,44
11,3,44
11,6,44
11,7,44
11,0,51
11,1,51
11,2,51
11,3,51
11,4,51
11,5,51
11,0,58
11,1,58
11,2,58
11,3,58
11,4,58
11,5,58
11,2,65
11,3,65
11,4,65
11,5,65
11,2,72
11,3,72
11,4,72
11,5,72
11,4,79
11,5,79
11,6,79
11,7,79
11,4,86
11,5,86
11,6,86
11,7,86
11,0,87
11,1,87
11,0,88
11,1,88
11,4,88
11,5,88
11,6,88
11,7,88
11,0,89
11,1,89
11,4,93
11,5,93
11,6,93
11,7,93
11,2,94
11,3,94
11,6,94
11,7,94
11,0,95
11,1,95
11,2,95
11,3,95
11,4,95
11,5,95
11,6,95
11,7,95
11,0,96
11,1,96
11,2,96
11,3,96
11,6,100
11,7,100
11,0,101
11,1,101
11,2,101
11,3,101
11,4,101
11,5,101
11,6,101
11,7,101
11,0,102
11,1,102
11,0,103
11,1,103
11,2,103
11,3,103
11,4,103
11,5,103
11,6,107
11,7,107
11,0,108
11,1,108
11,2,108
11,3,108
11,4,108
11,5,108
11,6,108
11,7,108
11,2,110
11,3,110
11,4,110
11,5,110
11,6,110
11,7,110
11,6,114
11,7,114
11,0,115
11,1,115
11,4,117
11,5,117
11,6,117
11,7,117
11,4,121
11,5,121
11,6,121
11,7,121
11,0,122
11,1,122
11,6,124
11,7,124
11,6,128
11,7,128
11,0,129
11,1,129
11,4,131
11,5,131
11,6,131
11,7,131
11,2,135
11,3,135
11,2,138
11,3,138
11,4,138
11,5,138
11,6,138
11,7,138
11,0,142
11,1,142
11,2,142
11,3,142
11,4,142
11,5,142
11,2,145
11,3,145
11,4,145
11,5,145
11,6,145
11,7,145
11,0,149
11,1,149
11,2,149
11,3,149
11,4,149
11,5,149
11,0,150
11,1,150
11,2,150
11,3,150
11,6,150
11,7,150
11,6,151
11,7,151
11,0,152
11,1,152
11,2,152
11,3,152
11,4,152
11,5,152
11,2,156
11,3,156
11,4,156
11,5,156
11,6,156
11,7,156
11,0,157
11,1,157
11,2,157
11,3,157
11,4,157
11,5,157
11,6,157
11,7,157
11,0,158
11,1,158
11,2,158
11,3,158
11,4,158
11,5,158
11,6,158
11,7,158
11,0,159
11,1,159
11,0,163
11,1,163
11,4,163
11,5,163
11,2,164
11,3,164
11,6,164
11,7,164
11,4,165
11,5,165
11,6,165
11,7,165
12,6,29
12,7,29
12,0,30
12,1,30
12,2,30
12,3,30
12,0,31
12,1,31
12,2,31
12,3,31
12,4,31
12,5,31
12,6,31
12,7,31
12,0,32
12,1,32
12,0,37
12,1,37
12,2,37
12,3,37
12,4,37
12,5,37
12,6,37
12,7,37
12,0,38
12,1,38
12,2,38
12,3,38
12,4,38
12,5,38
12,6,38
12,7,38
12,0,39
12,1,39
12,0,44
12,1,44
12,2,44
12,3,44
12,4,44
12,5,44
12,0,45
12,1,45
12,2,45
12,3,45
12,0,51
12,1,51
12,2,51
12,3,51
12,0,58
12,1,58
12,2,58
12,3,58
12,4,58
12,5,58
12,0,65
12,1,65
12,2,65
12,3,65
12,4,65
12,5,65
12,6,65
12,7,65
12,2,72
12,3,72
12,4,72
12,5,72
12,4,79
12,5,79
12,4,86
12,5,86
12,6,86
12,7,86
12,0,88
12,1,88
12,4,88
12,5,88
12,6,88
12,7,88
12,0,89
12,1,89
12,4,93
12,5,93
12,6,93
12,7,93
12,4,94
12,5,94
12,0,95
12,1,95
12,2,95
12,3,95
12,4,95
12,5,95
12,6,95
12,7,95
12,0,96
12,1,96
12,2,96
12,3,96
12,4,100
12,5,100
12,6,100
12,7,100
12,0,101
12,1,101
12,2,101
12,3,101
12,4,101
12,5,101
12,6,101
12,7,101
12,0,102
12,1,102
12,0,103
12,1,103
12,2,103
12,3,103
12,4,103
12,5,103
12,6,107
12,7,107
12,0,108
12,1,108
12,2,108
12,3,108
12,4,108
12,5,108
12,6,108
12,7,108
12,0,109
12,1,109
12,2,110
12,3,110
12,4,110
12,5,110
12,6,110
12,7,110
12,6,114
12,7,114
12,0,115
12,1,115
12,2,115
12,3,115
12,4,117
12,5,117
12,6,117
12,7,117
12,4,121
12,5,121
12,6,121
12,7,121
12,0,122
12,1,122
12,4,124
12,5,124
12,6,124
12,7,124
12,4,128
12,5,128
12,6,128
12,7,128
12,4,131
12,5,131
12,6,131
12,7,131
12,2,135
12,3,135
12,2,138
12,3,138
12,4,138
12,5,138
12,2,142
12,3,142
12,4,142
12,5,142
12,0,145
12,1,145
12,2,145
12,3,145
12,4,145
12,5,145
12,2,149
12,3,149
12,4,149
12,5,149
12,0,150
12,1,150
12,0,151
12,1,151
12,6,151
12,7,151
12,0,152
12,1,152
12,2,152
12,3,152
12,2,156
12,3,156
12,4,156
12,5,156
12,6,156
12,7,156
12,0,157
12,1,157
12,2,157
12,3,157
12,4,157
12,5,157
12,6,157
12,7,157
12,0,158
12,1,158
12,2,158
12,3,158
12,4,158
12,5,158
12,6,158
12,7,158
12,0,159
12,1,159
12,2,163
12,3,163
12,6,163
12,7,163
12,2,164
12,3,164
12,4,164
12,5,164
12,6,164
12,7,164
12,2,165
12,3,165
13,0,30
13,1,30
13,2,30
13,3,30
13,6,30
13,7,30
13,0,31
13,1,31
13,4,31
13,5,31
13,6,31
13,7,31
13,0,32
13,1,32
13,6,36
13,7,36
13,0,37
13,1,37
13,2,37
13,3,37
13,4,37
13,5,37
13,6,37
13,7,37
13,0,38
13,1,38
13,2,38
13,3,38
13,4,38
13,5,38
13,0,39
13,1,39
13,0,44
13,1,44
13,2,44
13,3,44
13,4,44
13,5,44
13,0,51
13,1,51
13,2,51
13,3,51
13,2,58
13,3,58
13,4,58
13,5,58
13,0,65
13,1,65
13,2,65
13,3,65
13,4,65
13,5,65
13,4,72
13,5,72
13,2,79
13,3,79
13,4,79
13,5,79
13,6,79
13,7,79
13,4,86
13,5,86
13,6,86
13,7,86
13,2,88
13,3,88
13,4,88
13,5,88
13,6,88
13,7,88
13,0,89
13,1,89
13,2,89
13,3,89
13,4,93
13,5,93
13,6,93
13,7,93
13,0,94
13,1,94
13,4,94
13,5,94
13,6,94
13,7,94
13,0,95
13,1,95
13,2,95
13,3,95
13,4,95
13,5,95
13,6,95
13,7,95
13,0,96
13,1,96
13,2,96
13,3,96
13,4,100
13,5,100
13,6,100
13,7,100
13,0,101
13,1,101
13,2,101
13,3,101
13,4,101
13,5,101
13,6,101
13,7,101
13,0,102
13,1,102
13,2,102
13,3,102
13,4,102
13,5,102
13,0,103
13,1,103
13,2,103
13,3,103
13,4,103
13,5,103
13,6,107
13,7,107
13,0,108
13,1,108
13,2,108
13,3,108
13,6,108
13,7,108
13,4,110
13,5,110
13,6,110
13,7,110
13,6,114
13,7,114
13,0,115
13,1,115
13,4,117
13,5,117
13,6,117
13,7,117
13,0,118
13,1,118
13,6,121
13,7,121
13,0,122
13,1,122
13,4,124
13,5,124
13,6,124
13,7,124
13,0,125
13,1,125
13,4,128
13,5,128
13,6,128
13,7,128
13,0,129
13,1,129
13,4,131
13,5,131
13,6,131
13,7,131
13,2,135
13,3,135
13,6,135
13,7,135
13,2,138
13,3,138
13,4,138
13,5,138
13,6,138
13,7,138
13,2,142
13,3,142
13,0,145
13,1,145
13,2,145
13,3,145
13,4,145
13,5,145
13,2,149
13,3,149
13,0,150
13,1,150
13,0,151
13,1,151
13,4,151
13,5,151
13,6,151
13,7,151
13,0,152
13,1,152
13,2,152
13,3,152
13,4,152
13,5,152
13,2,156
13,3,156
13,4,156
13,5,156
13,6,156
13,7,156
13,0,157
13,1,157
13,2,157
13,3,157
13,4,157
13,5,157
13,6,157
13,7,157
13,0,158
13,1,158
13,2,158
13,3,158
13,4,158
13,5,158
13,6,158
13,7,158
13,0,159
13,1,159
13,2,164
13,3,164
13,4,164
13,5,164
13,0,165
13,1,165
13,2,165
13,3,165
13,4,165
13,5,165
13,6,165
13,7,165
13,0,166
13,1,166
14,6,29
14,7,29
14,2,30
14,3,30
14,4,30
14,5,30
14,0,31
14,1,31
14,2,31
14,3,31
14,4,31
14,5,31
14,6,31
14,7,31
14,0,32
14,1,32
14,2,32
14,3,32
14,6,36
14,7,36
14,0,37
14,1,37
14,2,37
14,3,37
14,4,37
14,5,37
14,6,37
14,7,37
14,0,38
14,1,38
14,2,38
14,3,38
14,6,38
14,7,38
14,0,39
14,1,39
14,0,44
14,1,44
14,2,44
14,3,44
14,4,44
14,5,44
14,2,45
14,3,45
14,0,51
14,1,51
14,2,51
14,3,51
14,0,58
14,1,58
14,2,58
14,3,58
14,4,58
14,5,58
14,2,65
14,3,65
14,4,65
14,5,65
14,2,72
14,3,72
14,4,72
14,5,72
14,2,79
14,3,79
14,4,79
14,5,79
14,6,79
14,7,79
14,4,86
14,5,86
14,6,86
14,7,86
14,0,88
14,1,88
14,6,88
14,7,88
14,4,93
14,5,93
14,6,93
14,7,93
14,0,95
14,1,95
14,2,95
14,3,95
14,4,95
14,5,95
14,6,95
14,7,95
14,0,96
14,1,96
14,2,96
14,3,96
14,4,100
14,5,100
14,6,100
14,7,100
14,0,101
14,1,101
14,2,101
14,3,101
14,4,101
14,5,101
14,6,101
14,7,101
14,0,102
14,1,102
14,2,102
14,3,102
14,0,103
14,1,103
14,2,103
14,3,103
14,6,107
14,7,107
14,0,108
14,1,108
14,2,108
14,3,108
14,4,108
14,5,108
14,6,108
14,7,108
14,2,110
14,3,110
14,4,110
14,5,110
14,6,110
14,7,110
14,6,114
14,7,114
14,0,115
14,1,115
14,4,117
14,5,117
14,6,117
14,7,117
14,0,118
14,1,118
14,4,121
14,5,121
14,6,121
14,7,121
14,0,122
14,1,122
14,4,124
14,5,124
14,6,124
14,7,124
14,4,128
14,5,128
14,6,128
14,7,128
14,0,129
14,1,129
14,4,131
14,5,131
14,6,131
14,7,131
14,2,135
14,3,135
14,2,138
14,3,138
14,4,138
14,5,138
14,6,138
14,7,138
14,2,142
14,3,142
14,2,145
14,3,145
14,4,145
14,5,145
14,0,149
14,1,149
14,2,149
14,3,149
14,4,149
14,5,149
14,6,149
14,7,149
14,2,150
14,3,150
14,6,151
14,7,151
14,0,152
14,1,152
14,2,152
14,3,152
14,4,152
14,5,152
14,0,156
14,1,156
14,2,156
14,3,156
14,4,156
14,5,156
14,6,156
14,7,156
14,0,157
14,1,157
14,2,157
14,3,157
14,4,157
14,5,157
14,6,157
14,7,157
14,0,158
14,1,158
14,2,158
14,3,158
14,4,158
14,5,158
14,6,158
14,7,158
14,2,159
14,3,159
14,2,163
14,3,163
14,4,163
14,5,163
14,6,163
14,7,163
14,0,164
14,1,164
14,2,164
14,3,164
14,4,164
14,5,164
14,6,164
14,7,164
14,0,165
14,1,165
14,2,165
14,3,165
15,0,30
15,1,30
15,2,30
15,3,30
15,6,30
15,7,30
15,2,31
15,3,31
15,4,31
15,5,31
15,6,31
15,7,31
15,0,32
15,1,32
15,0,37
15,1,37
15,2,37
15,3,37
15,4,37
15,5,37
15,6,37
15,7,37
15,0,38
15,1,38
15,2,38
15,3,38
15,4,38
15,5,38
15,6,38
15,7,38
15,0,44
15,1,44
15,2,44
15,3,44
15,6,44
15,7,44
15,0,45
15,1,45
15,0,51
15,1,51
15,2,51
15,3,51
15,4,51
15,5,51
15,0,58
15,1,58
15,2,58
15,3,58
15,4,58
15,5,58
15,2,65
15,3,65
15,4,65
15,5,65
15,2,72
15,3,72
15,4,72
15,5,72
15,2,79
15,3,79
15,4,79
15,5,79
15,6,79
15,7,79
15,4,86
15,5,86
15,6,86
15,7,86
15,0,87
15,1,87
15,2,88
15,3,88
15,4,88
15,5,88
15,6,88
15,7,88
15,0,89
15,1,89
15,4,93
15,5,93
15,6,93
15,7,93
15,0,94
15,1,94
15,2,94
15,3,94
15,4,94
15,5,94
15,6,94
15,7,94
15,0,95
15,1,95
15,2,95
15,3,95
15,4,95
15,5,95
15,6,95
15,7,95
15,0,96
15,1,96
15,2,96
15,3,96
15,4,100
15,5,100
15,6,100
15,7,100
15,0,101
15,1,101
15,2,101
15,3,101
15,4,101
15,5,101
15,6,101
15,7,101
15,0,102
15,1,102
15,2,103
15,3,103
15,4,103
15,5,103
15,6,107
15,7,107
15,0,108
15,1,108
15,2,108
15,3,108
15,4,108
15,5,108
15,6,108
15,7,108
15,4,110
15,5,110
15,6,110
15,7,110
15,4,114
15,5,114
15,6,114
15,7,114
15,0,115
15,1,115
15,4,117
15,5,117
15,6,117
15,7,117
15,4,121
15,5,121
15,6,121
15,7,121
15,0,122
15,1,122
15,4,124
15,5,124
15,6,124
15,7,124
15,6,128
15,7,128
15,2,131
15,3,131
15,4,131
15,5,131
15,6,131
15,7,131
15,4,138
15,5,138
15,6,138
15,7,138
15,2,142
15,3,142
15,0,145
15,1,145
15,2,145
15,3,145
15,4,145
15,5,145
15,0,149
15,1,149
15,2,149
15,3,149
15,4,149
15,5,149
15,0,150
15,1,150
15,4,150
15,5,150
15,0,151
15,1,151
15,0,152
15,1,152
15,2,152
15,3,152
15,2,156
15,3,156
15,4,156
15,5,156
15,6,156
15,7,156
15,0,157
15,1,157
15,2,157
15,3,157
15,4,157
15,5,157
15,6,157
15,7,157
15,0,158
15,1,158
15,2,158
15,3,158
15,4,158
15,5,158
15,6,158
15,7,158
15,0,159
15,1,159
15,2,159
15,3,159
15,4,163
15,5,163
15,6,163
15,7,163
15,0,164
15,1,164
15,2,164
15,3,164
15,6,164
15,7,164
15,0,165
15,1,165
15,2,165
15,3,165
16,6,29
16,7,29
16,2,30
16,3,30
16,4,30
16,5,30
16,2,31
16,3,31
16,4,31
16,5,31
16,6,31
16,7,31
16,0,32
16,1,32
16,0,37
16,1,37
16,2,37
16,3,37
16,4,37
16,5,37
16,6,37
16,7,37
16,0,38
16,1,38
16,2,38
16,3,38
16,4,38
16,5,38
16,6,38
16,7,38
16,0,39
16,1,39
16,6,43
16,7,43
16,0,44
16,1,44
16,2,44
16,3,44
16,6,44
16,7,44
16,2,45
16,3,45
16,4,45
16,5,45
16,0,51
16,1,51
16,2,51
16,3,51
16,4,51
16,5,51
16,0,58
16,1,58
16,2,58
16,3,58
16,4,58
16,5,58
16,2,65
16,3,65
16,4,65
16,5,65
16,2,72
16,3,72
16,4,72
16,5,72
16,2,79
16,3,79
16,4,79
16,5,79
16,6,79
16,7,79
16,4,86
16,5,86
16,6,86
16,7,86
16,2,88
16,3,88
16,4,88
16,5,88
16,6,88
16,7,88
16,0,89
16,1,89
16,4,93
16,5,93
16,6,93
16,7,93
16,0,94
16,1,94
16,2,94
16,3,94
16,6,94
16,7,94
16,0,95
16,1,95
16,2,95
16,3,95
16,4,95
16,5,95
16,6,95
16,7,95
16,0,96
16,1,96
16,2,96
16,3,96
16,6,100
16,7,100
16,0,101
16,1,101
16,2,101
16,3,101
16,4,101
16,5,101
16,6,101
16,7,101
16,0,102
16,1,102
16,0,103
16,1,103
16,2,103
16,3,103
16,4,103
16,5,103
16,6,107
16,7,107
16,0,108
16,1,108
16,2,108
16,3,108
16,6,108
16,7,108
16,2,110
16,3,110
16,4,110
16,5,110
16,6,114
16,7,114
16,0,115
16,1,115
16,4,117
16,5,117
16,6,117
16,7,117
16,4,121
16,5,121
16,6,121
16,7,121
16,0,122
16,1,122
16,2,122
16,3,122
16,4,124
16,5,124
16,6,124
16,7,124
16,6,128
16,7,128
16,4,131
16,5,131
16,6,131
16,7,131
16,2,135
16,3,135
16,4,138
16,5,138
16,6,138
16,7,138
16,0,142
16,1,142
16,2,142
16,3,142
16,2,145
16,3,145
16,4,145
16,5,145
16,0,149
16,1,149
16,2,149
16,3,149
16,4,149
16,5,149
16,2,150
16,3,150
16,4,150
16,5,150
16,4,151
16,5,151
16,0,152
16,1,152
16,2,152
16,3,152
16,0,156
16,1,156
16,2,156
16,3,156
16,4,156
16,5,156
16,6,156
16,7,156
16,0,157
16,1,157
16,2,157
16,3,157
16,4,157
16,5,157
16,6,157
16,7,157
16,0,158
16,1,158
16,2,158
16,3,158
16,4,158
16,5,158
16,6,158
16,7,158
16,0,159
16,1,159
16,2,159
16,3,159
16,2,164
16,3,164
16,6,164
16,7,164
16,0,165
16,1,165
16,2,165
16,3,165
17,0,30
17,1,30
17,2,30
17,3,30
17,4,30
17,5,30
17,6,30
17,7,30
17,2,31
17,3,31
17,4,31
17,5,31
17,6,31
17,7,31
17,0,32
17,1,32
17,2,32
17,3,32
17,0,37
17,1,37
17,2,37
17,3,37
17,4,37
17,5,37
17,6,37
17,7,37
17,0,38
17,1,38
17,2,38
17,3,38
17,4,38
17,5,38
17,6,38
17,7,38
17,0,44
17,1,44
17,2,44
17,3,44
17,0,51
17,1,51
17,2,51
17,3,51
17,0,58
17,1,58
17,2,58
17,3,58
17,4,58
17,5,58
17,2,65
17,3,65
17,4,65
17,5,65
17,2,72
17,3,72
17,4,72
17,5,72
17,6,72
17,7,72
17,2,79
17,3,79
17,4,79
17,5,79
17,4,86
17,5,86
17,6,86
17,7,86
17,2,88
17,3,88
17,4,88
17,5,88
17,6,88
17,7,88
17,0,89
17,1,89
17,4,93
17,5,93
17,6,93
17,7,93
17,6,94
17,7,94
17,0,95
17,1,95
17,2,95
17,3,95
17,4,95
17,5,95
17,6,95
17,7,95
17,0,96
17,1,96
17,2,96
17,3,96
17,4,100
17,5,100
17,6,100
17,7,100
17,0,101
17,1,101
17,2,101
17,3,101
17,4,101
17,5,101
17,6,101
17,7,101
17,0,102
17,1,102
17,2,102
17,3,102
17,0,103
17,1,103
17,2,103
17,3,103
17,4,103
17,5,103
17,6,103
17,7,103
17,6,107
17,7,107
17,0,108
17,1,108
17,2,108
17,3,108
17,4,108
17,5,108
17,2,110
17,3,110
17,4,110
17,5,110
17,6,110
17,7,110
17,4,114
17,5,114
17,6,114
17,7,114
17,0,115
17,1,115
17,2,115
17,3,115
17,4,117
17,5,117
17,6,117
17,7,117
17,4,121
17,5,121
17,6,121
17,7,121
17,0,122
17,1,122
17,4,124
17,5,124
17,6,124
17,7,124
17,6,128
17,7,128
17,4,131
17,5,131
17,6,131
17,7,131
17,0,135
17,1,135
17,2,135
17,3,135
17,2,138
17,3,138
17,4,138
17,5,138
17,2,142
17,3,142
17,4,142
17,5,142
17,2,145
17,3,145
17,4,145
17,5,145
17,0,149
17,1,149
17,2,149
17,3,149
17,4,149
17,5,149
17,6,151
17,7,151
17,0,152
17,1,152
17,2,152
17,3,152
17,4,152
17,5,152
17,2,156
17,3,156
17,4,156
17,5,156
17,6,156
17,7,156
17,0,157
17,1,157
17,2,157
17,3,157
17,4,157
17,5,157
17,0,158
17,1,158
17,2,158
17,3,158
17,4,158
17,5,158
17,6,158
17,7,158
17,0,159
17,1,159
17,2,159
17,3,159
17,2,163
17,3,163
17,4,163
17,5,163
17,6,163
17,7,163
17,0,164
17,1,164
17,2,164
17,3,164
17,6,164
17,7,164
17,0,165
17,1,165
17,4,165
17,5,165
17,6,165
17,7,165
18,0,30
18,1,30
18,2,30
18,3,30
18,4,30
18,5,30
18,6,30
18,7,30
18,0,31
18,1,31
18,2,31
18,3,31
18,4,31
18,5,31
18,6,31
18,7,31
18,0,32
18,1,32
18,6,36
18,7,36
18,0,37
18,1,37
18,2,37
18,3,37
18,4,37
18,5,37
18,6,37
18,7,37
18,0,38
18,1,38
18,2,38
18,3,38
18,4,38
18,5,38
18,6,38
18,7,38
18,0,39
18,1,39
18,0,44
18,1,44
18,2,44
18,3,44
18,4,44
18,5,44
18,6,44
18,7,44
18,0,45
18,1,45
18,2,45
18,3,45
18,0,51
18,1,51
18,2,51
18,3,51
18,4,51
18,5,51
18,0,58
18,1,58
18,2,58
18,3,58
18,4,58
18,5,58
18,2,65
18,3,65
18,2,72
18,3,72
18,4,72
18,5,72
18,4,79
18,5,79
18,6,79
18,7,79
18,4,86
18,5,86
18,6,86
18,7,86
18,0,87
18,1,87
18,2,88
18,3,88
18,4,88
18,5,88
18,6,88
18,7,88
18,0,89
18,1,89
18,4,93
18,5,93
18,6,93
18,7,93
18,2,94
18,3,94
18,6,94
18,7,94
18,0,95
18,1,95
18,2,95
18,3,95
18,4,95
18,5,95
18,6,95
18,7,95
18,0,96
18,1,96
18,2,96
18,3,96
18,4,100
18,5,100
18,6,100
18,7,100
18,0,101
18,1,101
18,2,101
18,3,101
18,4,101
18,5,101
18,6,101
18,7,101
18,0,102
18,1,102
18,0,103
18,1,103
18,2,103
18,3,103
18,4,103
18,5,103
18,6,107
18,7,107
18,0,108
18,1,108
18,2,108
18,3,108
18,6,108
18,7,108
18,4,110
18,5,110
18,6,110
18,7,110
18,4,114
18,5,114
18,6,114
18,7,114
18,0,115
18,1,115
18,2,115
18,3,115
18,4,117
18,5,117
18,6,117
18,7,117
18,4,121
18,5,121
18,6,121
18,7,121
18,4,124
18,5,124
18,6,124
18,7,124
18,6,128
18,7,128
18,4,131
18,5,131
18,6,131
18,7,131
18,2,135
18,3,135
18,2,138
18,3,138
18,4,138
18,5,138
18,0,142
18,1,142
18,2,142
18,3,142
18,0,145
18,1,145
18,2,145
18,3,145
18,4,145
18,5,145
18,6,145
18,7,145
18,0,149
18,1,149
18,4,149
18,5,149
18,4,151
18,5,151
18,0,152
18,1,152
18,2,152
18,3,152
18,4,152
18,5,152
18,0,156
18,1,156
18,2,156
18,3,156
18,4,156
18,5,156
18,6,156
18,7,156
18,0,157
18,1,157
18,2,157
18,3,157
18,4,157
18,5,157
18,6,157
18,7,157
18,0,158
18,1,158
18,2,158
18,3,158
18,4,158
18,5,158
18,6,158
18,7,158
18,0,159
18,1,159
18,2,159
18,3,159
18,2,163
18,3,163
18,4,163
18,5,163
18,0,164
18,1,164
18,4,164
18,5,164
18,6,164
18,7,164
18,0,165
18,1,165
18,4,165
18,5,165
19,0,30
19,1,30
19,2,30
19,3,30
19,4,30
19,5,30
19,6,30
19,7,30
19,0,31
19,1,31
19,4,31
19,5,31
19,6,31
19,7,31
19,0,32
19,1,32
19,2,32
19,3,32
19,0,37
19,1,37
19,2,37
19,3,37
19,4,37
19,5,37
19,6,37
19,7,37
19,0,38
19,1,38
19,2,38
19,3,38
19,4,38
19,5,38
19,6,38
19,7,38
19,0,39
19,1,39
19,0,44
19,1,44
19,2,44
19,3,44
19,6,44
19,7,44
19,0,51
19,1,51
19,2,51
19,3,51
19,4,51
19,5,51
19,0,58
19,1,58
19,2,58
19,3,58
19,4,58
19,5,58
19,2,65
19,3,65
19,4,65
19,5,65
19,2,72
19,3,72
19,4,72
19,5,72
19,2,79
19,3,79
19,4,79
19,5,79
19,6,79
19,7,79
19,4,86
19,5,86
19,6,86
19,7,86
19,2,88
19,3,88
19,4,88
19,5,88
19,6,88
19,7,88
19,0,89
19,1,89
19,2,89
19,3,89
19,4,93
19,5,93
19,6,93
19,7,93
19,0,95
19,1,95
19,2,95
19,3,95
19,4,95
19,5,95
19,6,95
19,7,95
19,0,96
19,1,96
19,2,96
19,3,96
19,6,100
19,7,100
19,0,101
19,1,101
19,2,101
19,3,101
19,4,101
19,5,101
19,6,101
19,7,101
19,0,102
19,1,102
19,0,103
19,1,103
19,2,103
19,3,103
19,4,103
19,5,103
19,6,107
19,7,107
19,0,108
19,1,108
19,2,108
19,3,108
19,4,108
19,5,108
19,2,109
19,3,109
19,2,110
19,3,110
19,4,110
19,5,110
19,6,110
19,7,110
19,6,114
19,7,114
19,0,115
19,1,115
19,2,115
19,3,115
19,4,117
19,5,117
19,6,117
19,7,117
19,4,121
19,5,121
19,6,121
19,7,121
19,0,122
19,1,122
19,4,124
19,5,124
19,6,124
19,7,124
19,6,128
19,7,128
19,4,131
19,5,131
19,6,131
19,7,131
19,2,135
19,3,135
19,2,138
19,3,138
19,4,138
19,5,138
19,6,138
19,7,138
19,0,142
19,1,142
19,2,142
19,3,142
19,2,145
19,3,145
19,4,145
19,5,145
19,6,145
19,7,145
19,0,149
19,1,149
19,2,149
19,3,149
19,4,149
19,5,149
19,6,149
19,7,149
19,2,151
19,3,151
19,4,151
19,5,151
19,6,151
19,7,151
19,0,152
19,1,152
19,2,152
19,3,152
19,2,156
19,3,156
19,4,156
19,5,156
19,6,156
19,7,156
19,0,157
19,1,157
19,2,157
19,3,157
19,4,157
19,5,157
19,6,157
19,7,157
19,0,158
19,1,158
19,2,158
19,3,158
19,4,158
19,5,158
19,6,158
19,7,158
19,0,159
19,1,159
19,2,163
19,3,163
19,6,163
19,7,163
19,2,164
19,3,164
19,6,164
19,7,164
19,0,165
19,1,165
19,2,165
19,3,165
19,4,165
19,5,165
20,2,30
20,3,30
20,6,30
20,7,30
20,2,31
20,3,31
20,4,31
20,5,31
20,6,31
20,7,31
20,0,32
20,1,32
20,6,36
20,7,36
20,0,37
20,1,37
20,2,37
20,3,37
20,4,37
20,5,37
20,6,37
20,7,37
20,0,38
20,1,38
20,2,38
20,3,38
20,4,38
20,5,38
20,6,38
20,7,38
20,0,44
20,1,44
20,2,44
20,3,44
20,2,45
20,3,45
20,0,51
20,1,51
20,2,51
20,3,51
20,0,58
20,1,58
20,2,58
20,3,58
20,4,58
20,5,58
20,2,65
20,3,65
20,4,65
20,5,65
20,2,72
20,3,72
20,4,72
20,5,72
20,2,79
20,3,79
20,4,79
20,5,79
20,6,79
20,7,79
20,2,86
20,3,86
20,4,86
20,5,86
20,6,86
20,7,86
20,2,88
20,3,88
20,4,88
20,5,88
20,6,88
20,7,88
20,0,89
20,1,89
20,4,93
20,5,93
20,6,93
20,7,93
20,4,94
20,5,94
20,0,95
20,1,95
20,2,95
20,3,95
20,4,95
20,5,95
20,6,95
20,7,95
20,0,96
20,1,96
20,4,100
20,5,100
20,6,100
20,7,100
20,0,101
20,1,101
20,2,101
20,3,101
20,4,101
20,5,101
20,6,101
20,7,101
20,0,102
20,1,102
20,4,102
20,5,102
20,0,103
20,1,103
20,2,103
20,3,103
20,4,103
20,5,103
20,6,107
20,7,107
20,0,108
20,1,108
20,2,108
20,3,108
20,4,108
20,5,108
20,6,108
20,7,108
20,2,110
20,3,110
20,4,110
20,5,110
20,6,110
20,7,110
20,6,114
20,7,114
20,0,115
20,1,115
20,2,115
20,3,115
20,4,117
20,5,117
20,6,117
20,7,117
20,4,121
20,5,121
20,6,121
20,7,121
20,0,122
20,1,122
20,4,124
20,5,124
20,6,124
20,7,124
20,0,125
20,1,125
20,0,129
20,1,129
20,4,131
20,5,131
20,6,131
20,7,131
20,2,135
20,3,135
20,2,138
20,3,138
20,4,138
20,5,138
20,2,142
20,3,142
20,2,145
20,3,145
20,4,145
20,5,145
20,6,145
20,7,145
20,0,149
20,1,149
20,2,149
20,3,149
20,4,149
20,5,149
20,6,151
20,7,151
20,0,152
20,1,152
20,2,152
20,3,152
20,6,152
20,7,152
20,0,156
20,1,156
20,2,156
20,3,156
20,4,156
20,5,156
20,6,156
20,7,156
20,0,157
20,1,157
20,2,157
20,3,157
20,4,157
20,5,157
20,6,157
20,7,157
20,0,158
20,1,158
20,2,158
20,3,158
20,4,158
20,5,158
20,6,158
20,7,158
20,0,159
20,1,159
20,2,163
20,3,163
20,6,163
20,7,163
20,0,164
20,1,164
20,2,164
20,3,164
20,4,164
20,5,164
20,6,164
20,7,164
20,0,165
20,1,165
20,6,165
20,7,165
21,0,30
21,1,30
21,2,30
21,3,30
21,4,30
21,5,30
21,6,30
21,7,30
21,0,31
21,1,31
21,2,31
21,3,31
21,4,31
21,5,31
21,6,31
21,7,31
21,0,32
21,1,32
21,0,37
21,1,37
21,2,37
21,3,37
21,4,37
21,5,37
21,6,37
21,7,37
21,0,38
21,1,38
21,2,38
21,3,38
21,4,38
21,5,38
21,6,38
21,7,38
21,0,39
21,1,39
21,0,44
21,1,44
21,2,44
21,3,44
21,4,44
21,5,44
21,6,44
21,7,44
21,2,45
21,3,45
21,4,45
21,5,45
21,0,51
21,1,51
21,2,51
21,3,51
21,0,58
21,1,58
21,2,58
21,3,58
21,4,58
21,5,58
21,2,65
21,3,65
21,4,65
21,5,65
21,4,72
21,5,72
21,6,72
21,7,72
21,2,79
21,3,79
21,4,79
21,5,79
21,4,86
21,5,86
21,6,86
21,7,86
21,2,88
21,3,88
21,4,88
21,5,88
21,6,88
21,7,88
21,0,89
21,1,89
21,2,89
21,3,89
21,4,93
21,5,93
21,6,93
21,7,93
21,0,94
21,1,94
21,2,94
21,3,94
21,6,94
21,7,94
21,0,95
21,1,95
21,2,95
21,3,95
21,4,95
21,5,95
21,6,95
21,7,95
21,0,96
21,1,96
21,2,96
21,3,96
21,4,100
21,5,100
21,6,100
21,7,100
21,0,101
21,1,101
21,4,101
21,5,101
21,6,101
21,7,101
21,0,102
21,1,102
21,2,102
21,3,102
21,4,102
21,5,102
21,2,103
21,3,103
21,4,103
21,5,103
21,6,107
21,7,107
21,0,108
21,1,108
21,2,108
21,3,108
21,4,108
21,5,108
21,6,108
21,7,108
21,2,110
21,3,110
21,4,110
21,5,110
21,6,110
21,7,110
21,6,114
21,7,114
21,0,115
21,1,115
21,2,115
21,3,115
21,4,117
21,5,117
21,6,117
21,7,117
21,4,121
21,5,121
21,6,121
21,7,121
21,0,122
21,1,122
21,4,124
21,5,124
21,6,124
21,7,124
21,0,125
21,1,125
21,0,129
21,1,129
21,4,131
21,5,131
21,6,131
21,7,131
21,6,135
21,7,135
21,4,138
21,5,138
21,6,138
21,7,138
21,0,142
21,1,142
21,2,142
21,3,142
21,2,145
21,3,145
21,4,145
21,5,145
21,0,149
21,1,149
21,2,149
21,3,149
21,4,149
21,5,149
21,6,149
21,7,149
21,2,150
21,3,150
21,0,151
21,1,151
21,2,151
21,3,151
21,6,151
21,7,151
21,0,152
21,1,152
21,2,152
21,3,152
21,4,152
21,5,152
21,0,156
21,1,156
21,2,156
21,3,156
21,4,156
21,5,156
21,6,156
21,7,156
21,0,157
21,1,157
21,2,157
21,3,157
21,4,157
21,5,157
21,6,157
21,7,157
21,0,158
21,1,158
21,2,158
21,3,158
21,4,158
21,5,158
21,6,158
21,7,158
21,0,159
21,1,159
21,2,159
21,3,159
21,0,164
21,1,164
21,2,164
21,3,164
21,4,164
21,5,164
21,6,164
21,7,164
21,0,165
21,1,165
21,2,165
21,3,165
21,6,165
21,7,165
22,2,30
22,3,30
22,4,30
22,5,30
22,2,31
22,3,31
22,4,31
22,5,31
22,6,31
22,7,31
22,0,32
22,1,32
22,6,36
22,7,36
22,0,37
22,1,37
22,2,37
22,3,37
22,4,37
22,5,37
22,6,37
22,7,37
22,0,38
22,1,38
22,2,38
22,3,38
22,4,38
22,5,38
22,6,38
22,7,38
22,0,44
22,1,44
22,2,44
22,3,44
22,0,45
22,1,45
22,2,45
22,3,45
22,0,51
22,1,51
22,2,51
22,3,51
22,0,58
22,1,58
22,2,58
22,3,58
22,4,58
22,5,58
22,2,65
22,3,65
22,4,65
22,5,65
22,4,72
22,5,72
22,2,79
22,3,79
22,4,79
22,5,79
22,6,79
22,7,79
22,4,86
22,5,86
22,6,86
22,7,86
22,0,88
22,1,88
22,2,88
22,3,88
22,4,88
22,5,88
22,6,88
22,7,88
22,0,89
22,1,89
22,4,93
22,5,93
22,6,93
22,7,93
22,6,94
22,7,94
22,0,95
22,1,95
22,2,95
22,3,95
22,4,95
22,5,95
22,6,95
22,7,95
22,0,96
22,1,96
22,2,96
22,3,96
22,6,100
22,7,100
22,0,101
22,1,101
22,2,101
22,3,101
22,4,101
22,5,101
22,6,101
22,7,101
22,0,102
22,1,102
22,2,102
22,3,102
22,0,103
22,1,103
22,2,103
22,3,103
22,4,103
22,5,103
22,6,107
22,7,107
22,0,108
22,1,108
22,2,108
22,3,108
22,4,108
22,5,108
22,2,110
22,3,110
22,4,110
22,5,110
22,6,110
22,7,110
22,6,114
22,7,114
22,0,115
22,1,115
22,2,115
22,3,115
22,4,117
22,5,117
22,6,117
22,7,117
22,4,121
22,5,121
22,6,121
22,7,121
22,0,122
22,1,122
22,4,124
22,5,124
22,6,124
22,7,124
22,0,125
22,1,125
22,6,128
22,7,128
22,0,129
22,1,129
22,4,131
22,5,131
22,6,131
22,7,131
22,2,135
22,3,135
22,6,135
22,7,135
22,2,138
22,3,138
22,4,138
22,5,138
22,6,138
22,7,138
22,2,142
22,3,142
22,4,142
22,5,142
22,0,145
22,1,145
22,2,145
22,3,145
22,4,145
22,5,145
22,2,149
22,3,149
22,2,150
22,3,150
22,0,151
22,1,151
22,2,151
22,3,151
22,6,151
22,7,151
22,0,152
22,1,152
22,2,152
22,3,152
22,2,156
22,3,156
22,4,156
22,5,156
22,6,156
22,7,156
22,0,157
22,1,157
22,2,157
22,3,157
22,4,157
22,5,157
22,6,157
22,7,157
22,0,158
22,1,158
22,2,158
22,3,158
22,4,158
22,5,158
22,6,158
22,7,158
22,0,159
22,1,159
22,2,159
22,3,159
22,4,163
22,5,163
22,6,163
22,7,163
22,2,164
22,3,164
22,4,164
22,5,164
22,6,164
22,7,164
22,0,165
22,1,165
22,4,165
22,5,165
22,6,165
22,7,165
23,2,30
23,3,30
23,4,30
23,5,30
23,6,30
23,7,30
23,2,31
23,3,31
23,4,31
23,5,31
23,6,31
23,7,31
23,0,32
23,1,32
23,6,36
23,7,36
23,0,37
23,1,37
23,2,37
23,3,37
23,4,37
23,5,37
23,6,37
23,7,37
23,0,38
23,1,38
23,2,38
23,3,38
23,4,38
23,5,38
23,6,38
23,7,38
23,0,44
23,1,44
23,2,44
23,3,44
23,4,44
23,5,44
23,2,45
23,3,45
23,0,51
23,1,51
23,2,51
23,3,51
23,0,58
23,1,58
23,2,58
23,3,58
23,4,58
23,5,58
23,2,65
23,3,65
23,4,65
23,5,65
23,2,72
23,3,72
23,4,72
23,5,72
23,6,72
23,7,72
23,2,79
23,3,79
23,4,79
23,5,79
23,6,79
23,7,79
23,4,86
23,5,86
23,6,86
23,7,86
23,4,88
23,5,88
23,6,88
23,7,88
23,0,89
23,1,89
23,4,93
23,5,93
23,6,93
23,7,93
23,4,94
23,5,94
23,0,95
23,1,95
23,2,95
23,3,95
23,4,95
23,5,95
23,6,95
23,7,95
23,0,96
23,1,96
23,2,96
23,3,96
23,4,100
23,5,100
23,6,100
23,7,100
23,0,101
23,1,101
23,2,101
23,3,101
23,4,101
23,5,101
23,6,101
23,7,101
23,0,102
23,1,102
23,2,102
23,3,102
23,0,103
23,1,103
23,2,103
23,3,103
23,4,103
23,5,103
23,4,107
23,5,107
23,6,107
23,7,107
23,0,108
23,1,108
23,2,108
23,3,108
23,4,108
23,5,108
23,0,110
23,1,110
23,4,110
23,5,110
23,4,114
23,5,114
23,6,114
23,7,114
23,0,115
23,1,115
23,2,115
23,3,115
23,4,117
23,5,117
23,6,117
23,7,117
23,6,121
23,7,121
23,0,122
23,1,122
23,4,124
23,5,124
23,6,124
23,7,124
23,6,128
23,7,128
23,4,131
23,5,131
23,6,131
23,7,131
23,2,138
23,3,138
23,4,138
23,5,138
23,6,138
23,7,138
23,2,142
23,3,142
23,2,145
23,3,145
23,4,145
23,5,145
23,2,149
23,3,149
23,4,149
23,5,149
23,2,150
23,3,150
23,4,151
23,5,151
23,0,152
23,1,152
23,2,152
23,3,152
23,4,152
23,5,152
23,0,156
23,1,156
23,2,156
23,3,156
23,4,156
23,5,156
23,6,156
23,7,156
23,0,157
23,1,157
23,2,157
23,3,157
23,4,157
23,5,157
23,6,157
23,7,157
23,0,158
23,1,158
23,2,158
23,3,158
23,4,158
23,5,158
23,6,158
23,7,158
23,0,159
23,1,159
23,4,163
23,5,163
23,0,164
23,1,164
23,2,164
23,3,164
23,4,164
23,5,164
23,6,164
23,7,164
23,2,165
23,3,165
23,4,165
23,5,165
24,0,30
24,1,30
24,2,30
24,3,30
24,4,30
24,5,30
24,0,31
24,1,31
24,2,31
24,3,31
24,4,31
24,5,31
24,6,31
24,7,31
24,0,32
24,1,32
24,6,36
24,7,36
24,0,37
24,1,37
24,2,37
24,3,37
24,4,37
24,5,37
24,6,37
24,7,37
24,0,38
24,1,38
24,2,38
24,3,38
24,4,38
24,5,38
24,6,38
24,7,38
24,0,44
24,1,44
24,2,44
24,3,44
24,0,51
24,1,51
24,2,51
24,3,51
24,0,58
24,1,58
24,2,58
24,3,58
24,4,58
24,5,58
24,0,65
24,1,65
24,2,65
24,3,65
24,4,65
24,5,65
24,6,65
24,7,65
24,2,72
24,3,72
24,4,72
24,5,72
24,2,79
24,3,79
24,4,79
24,5,79
24,6,79
24,7,79
24,4,86
24,5,86
24,6,86
24,7,86
24,2,88
24,3,88
24,4,88
24,5,88
24,6,88
24,7,88
24,0,89
24,1,89
24,4,93
24,5,93
24,6,93
24,7,93
24,0,94
24,1,94
24,6,94
24,7,94
24,0,95
24,1,95
24,2,95
24,3,95
24,4,95
24,5,95
24,6,95
24,7,95
24,0,96
24,1,96
24,2,96
24,3,96
24,4,100
24,5,100
24,6,100
24,7,100
24,0,101
24,1,101
24,2,101
24,3,101
24,4,101
24,5,101
24,6,101
24,7,101
24,0,102
24,1,102
24,2,102
24,3,102
24,2,103
24,3,103
24,4,103
24,5,103
24,6,107
24,7,107
24,0,108
24,1,108
24,2,108
24,3,108
24,4,108
24,5,108
24,2,110
24,3,110
24,4,110
24,5,110
24,6,110
24,7,110
24,6,114
24,7,114
24,0,115
24,1,115
24,2,115
24,3,115
24,4,117
24,5,117
24,6,117
24,7,117
24,6,121
24,7,121
24,0,122
24,1,122
24,4,124
24,5,124
24,6,124
24,7,124
24,4,131
24,5,131
24,6,131
24,7,131
24,0,135
24,1,135
24,4,138
24,5,138
24,6,138
24,7,138
24,2,142
24,3,142
24,4,142
24,5,142
24,2,145
24,3,145
24,4,145
24,5,145
24,2,149
24,3,149
24,0,151
24,1,151
24,6,151
24,7,151
24,0,152
24,1,152
24,2,152
24,3,152
24,0,156
24,1,156
24,2,156
24,3,156
24,4,156
24,5,156
24,6,156
24,7,156
24,0,157
24,1,157
24,2,157
24,3,157
24,4,157
24,5,157
24,6,157
24,7,157
24,0,158
24,1,158
24,2,158
24,3,158
24,4,158
24,5,158
24,6,158
24,7,158
24,0,159
24,1,159
24,2,159
24,3,159
24,2,163
24,3,163
24,6,163
24,7,163
24,0,164
24,1,164
24,2,164
24,3,164
24,6,164
24,7,164
24,0,165
24,1,165
24,2,165
24,3,165
24,4,165
24,5,165
24,6,165
24,7,165
24,0,166
24,1,166
25,0,30
25,1,30
25,2,30
25,3,30
25,2,31
25,3,31
25,4,31
25,5,31
25,6,31
25,7,31
25,0,32
25,1,32
25,6,36
25,7,36
25,0,37
25,1,37
25,2,37
25,3,37
25,4,37
25,5,37
25,6,37
25,7,37
25,0,38
25,1,38
25,2,38
25,3,38
25,4,38
25,5,38
25,6,38
25,7,38
25,0,39
25,1,39
25,0,44
25,1,44
25,2,44
25,3,44
25,6,44
25,7,44
25,0,45
25,1,45
25,0,51
25,1,51
25,2,51
25,3,51
25,2,58
25,3,58
25,4,58
25,5,58
25,0,65
25,1,65
25,2,65
25,3,65
25,4,65
25,5,65
25,2,72
25,3,72
25,4,72
25,5,72
25,2,79
25,3,79
25,4,79
25,5,79
25,6,79
25,7,79
25,6,86
25,7,86
25,2,88
25,3,88
25,4,88
25,5,88
25,6,88
25,7,88
25,0,89
25,1,89
25,4,93
25,5,93
25,6,93
25,7,93
25,0,95
25,1,95
25,2,95
25,3,95
25,4,95
25,5,95
25,6,95
25,7,95
25,0,96
25,1,96
25,2,96
25,3,96
25,4,100
25,5,100
25,6,100
25,7,100
25,0,101
25,1,101
25,2,101
25,3,101
25,4,101
25,5,101
25,6,101
25,7,101
25,0,102
25,1,102
25,0,103
25,1,103
25,2,103
25,3,103
25,4,103
25,5,103
25,6,107
25,7,107
25,0,108
25,1,108
25,2,108
25,3,108
25,4,108
25,5,108
25,2,110
25,3,110
25,4,110
25,5,110
25,6,110
25,7,110
25,4,114
25,5,114
25,6,114
25,7,114
25,0,115
25,1,115
25,4,117
25,5,117
25,6,117
25,7,117
25,6,121
25,7,121
25,0,122
25,1,122
25,2,122
25,3,122
25,4,124
25,5,124
25,6,124
25,7,124
25,6,128
25,7,128
25,4,131
25,5,131
25,6,131
25,7,131
25,2,135
25,3,135
25,4,138
25,5,138
25,0,142
25,1,142
25,2,142
25,3,142
25,0,145
25,1,145
25,2,145
25,3,145
25,4,145
25,5,145
25,6,145
25,7,145
25,0,149
25,1,149
25,2,149
25,3,149
25,4,149
25,5,149
25,6,149
25,7,149
25,0,150
25,1,150
25,6,151
25,7,151
25,0,152
25,1,152
25,2,152
25,3,152
25,4,152
25,5,152
25,2,156
25,3,156
25,4,156
25,5,156
25,6,156
25,7,156
25,0,157
25,1,157
25,2,157
25,3,157
25,4,157
25,5,157
25,6,157
25,7,157
25,0,158
25,1,158
25,2,158
25,3,158
25,4,158
25,5,158
25,6,158
25,7,158
25,0,159
25,1,159
25,2,159
25,3,159
25,6,163
25,7,163
25,0,164
25,1,164
25,2,164
25,3,164
25,4,164
25,5,164
25,6,164
25,7,164
25,0,165
25,1,165
26,0,30
26,1,30
26,2,30
26,3,30
26,6,30
26,7,30
26,0,31
26,1,31
26,2,31
26,3,31
26,4,31
26,5,31
26,6,31
26,7,31
26,0,32
26,1,32
26,0,37
26,1,37
26,2,37
26,3,37
26,4,37
26,5,37
26,6,37
26,7,37
26,0,38
26,1,38
26,2,38
26,3,38
26,4,38
26,5,38
26,6,38
26,7,38
26,0,39
26,1,39
26,6,43
26,7,43
26,0,44
26,1,44
26,2,44
26,3,44
26,4,44
26,5,44
26,0,45
26,1,45
26,0,51
26,1,51
26,2,51
26,3,51
26,4,51
26,5,51
26,0,58
26,1,58
26,2,58
26,3,58
26,4,58
26,5,58
26,2,65
26,3,65
26,4,65
26,5,65
26,2,72
26,3,72
26,4,72
26,5,72
26,2,79
26,3,79
26,4,79
26,5,79
26,6,79
26,7,79
26,4,86
26,5,86
26,6,86
26,7,86
26,4,88
26,5,88
26,6,88
26,7,88
26,0,89
26,1,89
26,4,93
26,5,93
26,6,93
26,7,93
26,0,94
26,1,94
26,4,94
26,5,94
26,6,94
26,7,94
26,0,95
26,1,95
26,2,95
26,3,95
26,4,95
26,5,95
26,6,95
26,7,95
26,0,96
26,1,96
26,2,96
26,3,96
26,4,100
26,5,100
26,6,100
26,7,100
26,0,101
26,1,101
26,2,101
26,3,101
26,4,101
26,5,101
26,6,101
26,7,101
26,0,102
26,1,102
26,2,102
26,3,102
26,0,103
26,1,103
26,2,103
26,3,103
26,4,103
26,5,103
26,4,107
26,5,107
26,6,107
26,7,107
26,0,108
26,1,108
26,2,108
26,3,108
26,0,109
26,1,109
26,2,110
26,3,110
26,4,110
26,5,110
26,6,110
26,7,110
26,6,114
26,7,114
26,0,115
26,1,115
26,2,115
26,3,115
26,4,117
26,5,117
26,6,117
26,7,117
26,4,121
26,5,121
26,6,121
26,7,121
26,0,122
26,1,122
26,4,124
26,5,124
26,6,124
26,7,124
26,4,131
26,5,131
26,6,131
26,7,131
26,0,135
26,1,135
26,2,135
26,3,135
26,2,138
26,3,138
26,4,138
26,5,138
26,6,138
26,7,138
26,0,142
26,1,142
26,2,142
26,3,142
26,0,145
26,1,145
26,2,145
26,3,145
26,4,145
26,5,145
26,2,149
26,3,149
26,4,149
26,5,149
26,0,150
26,1,150
26,2,150
26,3,150
26,0,151
26,1,151
26,2,151
26,3,151
26,0,152
26,1,152
26,2,152
26,3,152
26,4,152
26,5,152
26,2,156
26,3,156
26,4,156
26,5,156
26,6,156
26,7,156
26,0,157
26,1,157
26,2,157
26,3,157
26,4,157
26,5,157
26,6,157
26,7,157
26,0,158
26,1,158
26,2,158
26,3,158
26,4,158
26,5,158
26,6,158
26,7,158
26,0,159
26,1,159
26,0,164
26,1,164
26,2,164
26,3,164
26,4,164
26,5,164
26,0,165
26,1,165
26,6,165
26,7,165
27,2,30
27,3,30
27,4,30
27,5,30
27,0,31
27,1,31
27,2,31
27,3,31
27,4,31
27,5,31
27,6,31
27,7,31
27,0,32
27,1,32
27,6,36
27,7,36
27,0,37
27,1,37
27,2,37
27,3,37
27,4,37
27,5,37
27,6,37
27,7,37
27,0,38
27,1,38
27,2,38
27,3,38
27,4,38
27,5,38
27,6,38
27,7,38
27,0,44
27,1,44
27,2,44
27,3,44
27,0,51
27,1,51
27,2,51
27,3,51
27,4,51
27,5,51
27,0,58
27,1,58
27,2,58
27,3,58
27,4,58
27,5,58
27,0,65
27,1,65
27,2,65
27,3,65
27,4,65
27,5,65
27,2,72
27,3,72
27,4,72
27,5,72
27,2,79
27,3,79
27,4,79
27,5,79
27,6,79
27,7,79
27,4,86
27,5,86
27,6,86
27,7,86
27,4,88
27,5,88
27,6,88
27,7,88
27,0,89
27,1,89
27,4,93
27,5,93
27,6,93
27,7,93
27,6,94
27,7,94
27,0,95
27,1,95
27,2,95
27,3,95
27,4,95
27,5,95
27,6,95
27,7,95
27,0,96
27,1,96
27,2,96
27,3,96
27,4,100
27,5,100
27,6,100
27,7,100
27,0,101
27,1,101
27,2,101
27,3,101
27,4,101
27,5,101
27,6,101
27,7,101
27,0,102
27,1,102
27,2,102
27,3,102
27,2,103
27,3,103
27,4,103
27,5,103
27,6,107
27,7,107
27,0,108
27,1,108
27,2,108
27,3,108
27,4,108
27,5,108
27,6,108
27,7,108
27,2,110
27,3,110
27,4,110
27,5,110
27,6,110
27,7,110
27,4,114
27,5,114
27,6,114
27,7,114
27,0,115
27,1,115
27,2,115
27,3,115
27,4,117
27,5,117
27,6,117
27,7,117
27,6,121
27,7,121
27,0,122
27,1,122
27,2,122
27,3,122
27,4,124
27,5,124
27,6,124
27,7,124
27,6,128
27,7,128
27,4,131
27,5,131
27,6,131
27,7,131
27,2,135
27,3,135
27,2,138
27,3,138
27,4,138
27,5,138
27,6,138
27,7,138
27,0,142
27,1,142
27,2,142
27,3,142
27,0,145
27,1,145
27,2,145
27,3,145
27,4,145
27,5,145
27,6,145
27,7,145
27,2,149
27,3,149
27,4,149
27,5,149
27,6,150
27,7,150
27,0,151
27,1,151
27,2,151
27,3,151
27,4,151
27,5,151
27,6,151
27,7,151
27,0,152
27,1,152
27,2,152
27,3,152
27,0,156
27,1,156
27,2,156
27,3,156
27,4,156
27,5,156
27,6,156
27,7,156
27,0,157
27,1,157
27,2,157
27,3,157
27,4,157
27,5,157
27,6,157
27,7,157
27,0,158
27,1,158
27,2,158
27,3,158
27,4,158
27,5,158
27,6,158
27,7,158
27,0,159
27,1,159
27,4,163
27,5,163
27,6,163
27,7,163
27,0,164
27,1,164
27,6,164
27,7,164
27,0,165
27,1,165
27,2,165
27,3,165
27,4,165
27,5,165
27,6,165
27,7,165
28,6,29
28,7,29
28,0,30
28,1,30
28,2,30
28,3,30
28,4,30
28,5,30
28,0,31
28,1,31
28,4,31
28,5,31
28,6,31
28,7,31
28,0,32
28,1,32
28,2,32
28,3,32
28,0,37
28,1,37
28,2,37
28,3,37
28,4,37
28,5,37
28,6,37
28,7,37
28,0,38
28,1,38
28,2,38
28,3,38
28,4,38
28,5,38
28,6,38
28,7,38
28,0,39
28,1,39
28,6,43
28,7,43
28,0,44
28,1,44
28,2,44
28,3,44
28,0,45
28,1,45
28,2,45
28,3,45
28,0,51
28,1,51
28,2,51
28,3,51
28,2,58
28,3,58
28,4,58
28,5,58
28,2,65
28,3,65
28,4,65
28,5,65
28,2,72
28,3,72
28,4,72
28,5,72
28,4,79
28,5,79
28,6,79
28,7,79
28,4,86
28,5,86
28,6,86
28,7,86
28,0,87
28,1,87
28,4,88
28,5,88
28,6,88
28,7,88
28,0,89
28,1,89
28,2,89
28,3,89
28,4,93
28,5,93
28,6,93
28,7,93
28,6,94
28,7,94
28,0,95
28,1,95
28,2,95
28,3,95
28,4,95
28,5,95
28,6,95
28,7,95
28,0,96
28,1,96
28,2,96
28,3,96
28,4,100
28,5,100
28,6,100
28,7,100
28,0,101
28,1,101
28,2,101
28,3,101
28,4,101
28,5,101
28,6,101
28,7,101
28,0,102
28,1,102
28,0,103
28,1,103
28,2,103
28,3,103
28,4,103
28,5,103
28,6,103
28,7,103
28,6,107
28,7,107
28,0,108
28,1,108
28,2,108
28,3,108
28,4,108
28,5,108
28,4,110
28,5,110
28,6,110
28,7,110
28,4,114
28,5,114
28,6,114
28,7,114
28,0,115
28,1,115
28,4,117
28,5,117
28,6,117
28,7,117
28,4,121
28,5,121
28,6,121
28,7,121
28,0,122
28,1,122
28,2,122
28,3,122
28,4,124
28,5,124
28,6,124
28,7,124
28,4,128
28,5,128
28,6,128
28,7,128
28,0,129
28,1,129
28,4,131
28,5,131
28,6,131
28,7,131
28,2,135
28,3,135
28,2,138
28,3,138
28,4,138
28,5,138
28,6,138
28,7,138
28,0,142
28,1,142
28,2,142
28,3,142
28,4,142
28,5,142
28,2,145
28,3,145
28,4,145
28,5,145
28,2,149
28,3,149
28,0,150
28,1,150
28,2,150
28,3,150
28,0,151
28,1,151
28,2,151
28,3,151
28,6,151
28,7,151
28,0,152
28,1,152
28,2,152
28,3,152
28,4,152
28,5,152
28,2,156
28,3,156
28,4,156
28,5,156
28,6,156
28,7,156
28,0,157
28,1,157
28,2,157
28,3,157
28,4,157
28,5,157
28,6,157
28,7,157
28,0,158
28,1,158
28,2,158
28,3,158
28,4,158
28,5,158
28,6,158
28,7,158
28,0,159
28,1,159
28,4,163
28,5,163
28,6,163
28,7,163
28,0,164
28,1,164
28,4,164
28,5,164
28,6,164
28,7,164
28,0,165
28,1,165
28,2,165
28,3,165
29,0,30
29,1,30
29,2,30
29,3,30
29,4,30
29,5,30
29,2,31
29,3,31
29,4,31
29,5,31
29,6,31
29,7,31
29,0,32
29,1,32
29,2,32
29,3,32
29,6,36
29,7,36
29,0,37
29,1,37
29,2,37
29,3,37
29,4,37
29,5,37
29,6,37
29,7,37
29,0,38
29,1,38
29,2,38
29,3,38
29,4,38
29,5,38
29,6,38
29,7,38
29,0,44
29,1,44
29,2,44
29,3,44
29,4,44
29,5,44
29,2,45
29,3,45
29,0,51
29,1,51
29,2,51
29,3,51
29,0,58
29,1,58
29,2,58
29,3,58
29,4,58
29,5,58
29,2,65
29,3,65
29,4,65
29,5,65
29,6,65
29,7,65
29,4,72
29,5,72
29,2,79
29,3,79
29,4,79
29,5,79
29,6,79
29,7,79
29,4,86
29,5,86
29,6,86
29,7,86
29,0,87
29,1,87
29,4,88
29,5,88
29,6,88
29,7,88
29,0,89
29,1,89
29,4,93
29,5,93
29,6,93
29,7,93
29,2,94
29,3,94
29,0,95
29,1,95
29,2,95
29,3,95
29,4,95
29,5,95
29,6,95
29,7,95
29,0,96
29,1,96
29,2,96
29,3,96
29,4,96
29,5,96
29,4,100
29,5,100
29,6,100
29,7,100
29,0,101
29,1,101
29,2,101
29,3,101
29,4,101
29,5,101
29,6,101
29,7,101
29,0,102
29,1,102
29,4,102
29,5,102
29,0,103
29,1,103
29,2,103
29,3,103
29,4,103
29,5,103
29,6,107
29,7,107
29,0,108
29,1,108
29,2,108
29,3,108
29,4,108
29,5,108
29,4,110
29,5,110
29,4,114
29,5,114
29,6,114
29,7,114
29,0,115
29,1,115
29,4,117
29,5,117
29,6,117
29,7,117
29,4,121
29,5,121
29,6,121
29,7,121
29,0,122
29,1,122
29,4,124
29,5,124
29,6,124
29,7,124
29,4,128
29,5,128
29,6,128
29,7,128
29,0,129
29,1,129
29,4,131
29,5,131
29,6,131
29,7,131
29,2,135
29,3,135
29,4,138
29,5,138
29,6,138
29,7,138
29,0,142
29,1,142
29,2,142
29,3,142
29,0,145
29,1,145
29,2,145
29,3,145
29,4,145
29,5,145
29,2,149
29,3,149
29,4,149
29,5,149
29,0,151
29,1,151
29,2,151
29,3,151
29,4,151
29,5,151
29,6,151
29,7,151
29,0,152
29,1,152
29,2,152
29,3,152
29,4,156
29,5,156
29,6,156
29,7,156
29,0,157
29,1,157
29,2,157
29,3,157
29,4,157
29,5,157
29,6,157
29,7,157
29,0,158
29,1,158
29,2,158
29,3,158
29,4,158
29,5,158
29,6,158
29,7,158
29,0,159
29,1,159
29,4,163
29,5,163
29,6,163
29,7,163
29,0,164
29,1,164
29,2,164
29,3,164
29,4,164
29,5,164
29,0,165
29,1,165
29,6,165
29,7,165
30,6,29
30,7,29
30,0,30
30,1,30
30,2,30
30,3,30
30,4,30
30,5,30
30,6,30
30,7,30
30,2,31
30,3,31
30,4,31
30,5,31
30,6,31
30,7,31
30,0,32
30,1,32
30,0,37
30,1,37
30,2,37
30,3,37
30,4,37
30,5,37
30,6,37
30,7,37
30,0,38
30,1,38
30,2,38
30,3,38
30,4,38
30,5,38
30,6,38
30,7,38
30,0,39
30,1,39
30,0,44
30,1,44
30,2,44
30,3,44
30,0,51
30,1,51
30,2,51
30,3,51
30,0,58
30,1,58
30,2,58
30,3,58
30,4,58
30,5,58
30,2,65
30,3,65
30,4,65
30,5,65
30,6,65
30,7,65
30,2,72
30,3,72
30,4,72
30,5,72
30,2,79
30,3,79
30,4,79
30,5,79
30,6,79
30,7,79
30,4,86
30,5,86
30,6,86
30,7,86
30,2,88
30,3,88
30,4,88
30,5,88
30,6,88
30,7,88
30,0,89
30,1,89
30,2,89
30,3,89
30,4,93
30,5,93
30,6,93
30,7,93
30,4,94
30,5,94
30,2,95
30,3,95
30,4,95
30,5,95
30,6,95
30,7,95
30,0,96
30,1,96
30,2,96
30,3,96
30,4,100
30,5,100
30,6,100
30,7,100
30,0,101
30,1,101
30,2,101
30,3,101
30,4,101
30,5,101
30,6,101
30,7,101
30,0,102
30,1,102
30,2,102
30,3,102
30,4,102
30,5,102
30,0,103
30,1,103
30,2,103
30,3,103
30,4,103
30,5,103
30,6,107
30,7,107
30,0,108
30,1,108
30,2,108
30,3,108
30,4,108
30,5,108
30,2,110
30,3,110
30,4,110
30,5,110
30,6,114
30,7,114
30,0,115
30,1,115
30,4,117
30,5,117
30,6,117
30,7,117
30,6,121
30,7,121
30,0,122
30,1,122
30,2,122
30,3,122
30,4,124
30,5,124
30,6,124
30,7,124
30,6,128
30,7,128
30,2,131
30,3,131
30,4,131
30,5,131
30,6,131
30,7,131
30,2,135
30,3,135
30,2,138
30,3,138
30,4,138
30,5,138
30,0,142
30,1,142
30,2,142
30,3,142
30,4,142
30,5,142
30,0,145
30,1,145
30,2,145
30,3,145
30,4,145
30,5,145
30,0,149
30,1,149
30,2,149
30,3,149
30,4,149
30,5,149
30,0,150
30,1,150
30,2,151
30,3,151
30,6,151
30,7,151
30,0,152
30,1,152
30,2,152
30,3,152
30,4,152
30,5,152
30,0,156
30,1,156
30,2,156
30,3,156
30,4,156
30,5,156
30,6,156
30,7,156
30,0,157
30,1,157
30,2,157
30,3,157
30,4,157
30,5,157
30,6,157
30,7,157
30,0,158
30,1,158
30,2,158
30,3,158
30,4,158
30,5,158
30,6,158
30,7,158
30,0,159
30,1,159
30,4,163
30,5,163
30,0,164
30,1,164
30,2,164
30,3,164
30,4,164
30,5,164
30,0,165
30,1,165
30,2,165
30,3,165
30,4,165
30,5,165
30,6,165
30,7,165
31,0,30
31,1,30
31,2,30
31,3,30
31,4,30
31,5,30
31,6,30
31,7,30
31,0,31
31,1,31
31,4,31
31,5,31
31,6,31
31,7,31
31,0,32
31,1,32
31,6,36
31,7,36
31,0,37
31,1,37
31,2,37
31,3,37
31,4,37
31,5,37
31,6,37
31,7,37
31,0,38
31,1,38
31,2,38
31,3,38
31,4,38
31,5,38
31,6,38
31,7,38
31,0,39
31,1,39
31,0,44
31,1,44
31,2,44
31,3,44
31,0,45
31,1,45
31,2,45
31,3,45
31,4,45
31,5,45
31,0,51
31,1,51
31,2,51
31,3,51
31,0,58
31,1,58
31,2,58
31,3,58
31,4,58
31,5,58
31,0,65
31,1,65
31,2,65
31,3,65
31,4,65
31,5,65
31,2,72
31,3,72
31,4,72
31,5,72
31,6,72
31,7,72
31,4,79
31,5,79
31,4,86
31,5,86
31,6,86
31,7,86
31,0,87
31,1,87
31,2,88
31,3,88
31,4,88
31,5,88
31,6,88
31,7,88
31,0,89
31,1,89
31,2,89
31,3,89
31,4,93
31,5,93
31,6,93
31,7,93
31,4,94
31,5,94
31,6,94
31,7,94
31,0,95
31,1,95
31,2,95
31,3,95
31,4,95
31,5,95
31,6,95
31,7,95
31,0,96
31,1,96
31,2,96
31,3,96
31,4,100
31,5,100
31,6,100
31,7,100
31,0,101
31,1,101
31,2,101
31,3,101
31,4,101
31,5,101
31,6,101
31,7,101
31,0,102
31,1,102
31,2,102
31,3,102
31,2,103
31,3,103
31,4,103
31,5,103
31,4,107
31,5,107
31,6,107
31,7,107
31,0,108
31,1,108
31,2,108
31,3,108
31,4,108
31,5,108
31,6,108
31,7,108
31,2,110
31,3,110
31,4,110
31,5,110
31,6,114
31,7,114
31,0,115
31,1,115
31,4,117
31,5,117
31,6,117
31,7,117
31,6,121
31,7,121
31,0,122
31,1,122
31,4,124
31,5,124
31,6,124
31,7,124
31,4,128
31,5,128
31,6,128
31,7,128
31,0,129
31,1,129
31,4,131
31,5,131
31,6,131
31,7,131
31,2,135
31,3,135
31,2,138
31,3,138
31,4,138
31,5,138
31,6,138
31,7,138
31,0,142
31,1,142
31,2,142
31,3,142
31,4,142
31,5,142
31,2,145
31,3,145
31,4,145
31,5,145
31,2,149
31,3,149
31,6,149
31,7,149
31,0,151
31,1,151
31,6,151
31,7,151
31,0,152
31,1,152
31,2,152
31,3,152
31,4,152
31,5,152
31,0,156
31,1,156
31,2,156
31,3,156
31,4,156
31,5,156
31,6,156
31,7,156
31,0,157
31,1,157
31,2,157
31,3,157
31,4,157
31,5,157
31,6,157
31,7,157
31,0,158
31,1,158
31,2,158
31,3,158
31,4,158
31,5,158
31,6,158
31,7,158
31,0,159
31,1,159
31,2,159
31,3,159
31,2,163
31,3,163
31,4,164
31,5,164
31,6,164
31,7,164
31,0,165
31,1,165
31,2,165
31,3,165
32,6,29
32,7,29
32,0,30
32,1,30
32,2,30
32,3,30
32,4,30
32,5,30
32,6,30
32,7,30
32,0,31
32,1,31
32,2,31
32,3,31
32,4,31
32,5,31
32,6,31
32,7,31
32,0,32
32,1,32
32,2,32
32,3,32
32,6,36
32,7,36
32,2,37
32,3,37
32,4,37
32,5,37
32,6,37
32,7,37
32,0,38
32,1,38
32,2,38
32,3,38
32,4,38
32,5,38
32,6,38
32,7,38
32,0,44
32,1,44
32,2,44
32,3,44
32,0,45
32,1,45
32,0,51
32,1,51
32,2,51
32,3,51
32,4,51
32,5,51
32,0,58
32,1,58
32,2,58
32,3,58
32,4,58
32,5,58
32,2,65
32,3,65
32,4,65
32,5,65
32,4,72
32,5,72
32,6,72
32,7,72
32,4,79
32,5,79
32,4,86
32,5,86
32,6,86
32,7,86
32,2,88
32,3,88
32,4,88
32,5,88
32,6,88
32,7,88
32,0,89
32,1,89
32,4,93
32,5,93
32,6,93
32,7,93
32,2,94
32,3,94
32,4,94
32,5,94
32,6,94
32,7,94
32,0,95
32,1,95
32,2,95
32,3,95
32,4,95
32,5,95
32,6,95
32,7,95
32,0,96
32,1,96
32,4,100
32,5,100
32,6,100
32,7,100
32,0,101
32,1,101
32,2,101
32,3,101
32,4,101
32,5,101
32,6,101
32,7,101
32,0,102
32,1,102
32,2,102
32,3,102
32,0,103
32,1,103
32,2,103
32,3,103
32,4,103
32,5,103
32,4,107
32,5,107
32,6,107
32,7,107
32,0,108
32,1,108
32,2,108
32,3,108
32,4,108
32,5,108
32,6,108
32,7,108
32,2,110
32,3,110
32,4,110
32,5,110
32,6,110
32,7,110
32,4,114
32,5,114
32,6,114
32,7,114
32,0,115
32,1,115
32,2,115
32,3,115
32,4,117
32,5,117
32,6,117
32,7,117
32,4,121
32,5,121
32,6,121
32,7,121
32,2,122
32,3,122
32,4,124
32,5,124
32,6,124
32,7,124
32,0,125
32,1,125
32,4,128
32,5,128
32,6,128
32,7,128
32,4,131
32,5,131
32,6,131
32,7,131
32,2,135
32,3,135
32,2,138
32,3,138
32,4,138
32,5,138
32,6,138
32,7,138
32,2,142
32,3,142
32,2,145
32,3,145
32,4,145
32,5,145
32,0,149
32,1,149
32,2,149
32,3,149
32,0,150
32,1,150
32,6,150
32,7,150
32,2,151
32,3,151
32,0,152
32,1,152
32,2,152
32,3,152
32,4,152
32,5,152
32,2,156
32,3,156
32,4,156
32,5,156
32,6,156
32,7,156
32,0,157
32,1,157
32,2,157
32,3,157
32,4,157
32,5,157
32,6,157
32,7,157
32,0,158
32,1,158
32,2,158
32,3,158
32,4,158
32,5,158
32,6,158
32,7,158
32,0,159
32,1,159
32,2,159
32,3,159
32,2,163
32,3,163
32,6,163
32,7,163
32,0,164
32,1,164
32,2,164
32,3,164
32,6,164
32,7,164
32,0,165
32,1,165
32,2,165
32,3,165
32,4,165
32,5,165
32,6,165
32,7,165
33,0,30
33,1,30
33,2,30
33,3,30
33,2,31
33,3,31
33,4,31
33,5,31
33,6,31
33,7,31
33,0,32
33,1,32
33,0,37
33,1,37
33,2,37
33,3,37
33,4,37
33,5,37
33,6,37
33,7,37
33,0,38
33,1,38
33,2,38
33,3,38
33,4,38
33,5,38
33,6,38
33,7,38
33,6,43
33,7,43
33,0,44
33,1,44
33,2,44
33,3,44
33,4,44
33,5,44
33,4,45
33,5,45
33,0,51
33,1,51
33,2,51
33,3,51
33,4,51
33,5,51
33,2,58
33,3,58
33,4,58
33,5,58
33,2,65
33,3,65
33,4,65
33,5,65
33,4,72
33,5,72
33,4,79
33,5,79
33,6,79
33,7,79
33,4,86
33,5,86
33,6,86
33,7,86
33,0,87
33,1,87
33,2,88
33,3,88
33,4,88
33,5,88
33,6,88
33,7,88
33,0,89
33,1,89
33,4,93
33,5,93
33,6,93
33,7,93
33,0,94
33,1,94
33,2,94
33,3,94
33,4,94
33,5,94
33,6,94
33,7,94
33,0,95
33,1,95
33,2,95
33,3,95
33,4,95
33,5,95
33,6,95
33,7,95
33,0,96
33,1,96
33,2,96
33,3,96
33,4,100
33,5,100
33,6,100
33,7,100
33,0,101
33,1,101
33,2,101
33,3,101
33,4,101
33,5,101
33,6,101
33,7,101
33,0,102
33,1,102
33,0,103
33,1,103
33,2,103
33,3,103
33,4,103
33,5,103
33,6,107
33,7,107
33,0,108
33,1,108
33,2,108
33,3,108
33,4,108
33,5,108
33,6,108
33,7,108
33,2,109
33,3,109
33,4,110
33,5,110
33,6,110
33,7,110
33,6,114
33,7,114
33,0,115
33,1,115
33,4,117
33,5,117
33,6,117
33,7,117
33,4,121
33,5,121
33,6,121
33,7,121
33,0,122
33,1,122
33,4,124
33,5,124
33,6,124
33,7,124
33,0,125
33,1,125
33,4,128
33,5,128
33,6,128
33,7,128
33,4,131
33,5,131
33,6,131
33,7,131
33,2,135
33,3,135
33,2,138
33,3,138
33,4,138
33,5,138
33,0,142
33,1,142
33,2,142
33,3,142
33,2,145
33,3,145
33,4,145
33,5,145
33,0,149
33,1,149
33,2,149
33,3,149
33,4,149
33,5,149
33,6,149
33,7,149
33,0,150
33,1,150
33,2,150
33,3,150
33,6,150
33,7,150
33,4,151
33,5,151
33,0,152
33,1,152
33,2,152
33,3,152
33,4,152
33,5,152
33,2,156
33,3,156
33,4,156
33,5,156
33,6,156
33,7,156
33,0,157
33,1,157
33,2,157
33,3,157
33,4,157
33,5,157
33,6,157
33,7,157
33,0,158
33,1,158
33,2,158
33,3,158
33,4,158
33,5,158
33,6,158
33,7,158
33,2,159
33,3,159
33,6,163
33,7,163
33,0,164
33,1,164
33,2,164
33,3,164
33,0,165
33,1,165
33,4,165
33,5,165
33,0,166
33,1,166
34,0,30
34,1,30
34,2,30
34,3,30
34,4,30
34,5,30
34,0,31
34,1,31
34,2,31
34,3,31
34,4,31
34,5,31
34,6,31
34,7,31
34,0,32
34,1,32
34,2,32
34,3,32
34,6,36
34,7,36
34,0,37
34,1,37
34,2,37
34,3,37
34,4,37
34,5,37
34,6,37
34,7,37
34,0,38
34,1,38
34,2,38
34,3,38
34,4,38
34,5,38
34,6,38
34,7,38
34,0,39
34,1,39
34,6,43
34,7,43
34,0,44
34,1,44
34,2,44
34,3,44
34,0,45
34,1,45
34,4,45
34,5,45
34,0,51
34,1,51
34,2,51
34,3,51
34,2,58
34,3,58
34,4,58
34,5,58
34,2,65
34,3,65
34,4,65
34,5,65
34,2,72
34,3,72
34,4,72
34,5,72
34,4,79
34,5,79
34,4,86
34,5,86
34,6,86
34,7,86
34,4,88
34,5,88
34,6,88
34,7,88
34,0,89
34,1,89
34,4,93
34,5,93
34,6,93
34,7,93
34,0,94
34,1,94
34,6,94
34,7,94
34,0,95
34,1,95
34,2,95
34,3,95
34,4,95
34,5,95
34,6,95
34,7,95
34,0,96
34,1,96
34,2,96
34,3,96
34,4,100
34,5,100
34,6,100
34,7,100
34,0,101
34,1,101
34,2,101
34,3,101
34,4,101
34,5,101
34,6,101
34,7,101
34,0,102
34,1,102
34,2,102
34,3,102
34,0,103
34,1,103
34,2,103
34,3,103
34,4,103
34,5,103
34,6,107
34,7,107
34,0,108
34,1,108
34,2,108
34,3,108
34,2,110
34,3,110
34,4,110
34,5,110
34,6,110
34,7,110
34,4,114
34,5,114
34,6,114
34,7,114
34,0,115
34,1,115
34,2,115
34,3,115
34,4,117
34,5,117
34,6,117
34,7,117
34,4,121
34,5,121
34,6,121
34,7,121
34,0,122
34,1,122
34,4,124
34,5,124
34,6,124
34,7,124
34,4,128
34,5,128
34,6,128
34,7,128
34,2,131
34,3,131
34,4,131
34,5,131
34,6,131
34,7,131
34,2,135
34,3,135
34,2,138
34,3,138
34,4,138
34,5,138
34,6,138
34,7,138
34,0,142
34,1,142
34,2,142
34,3,142
34,2,145
34,3,145
34,4,145
34,5,145
34,6,145
34,7,145
34,2,149
34,3,149
34,4,149
34,5,149
34,4,150
34,5,150
34,6,151
34,7,151
34,0,152
34,1,152
34,2,152
34,3,152
34,4,152
34,5,152
34,2,156
34,3,156
34,4,156
34,5,156
34,6,156
34,7,156
34,0,157
34,1,157
34,2,157
34,3,157
34,4,157
34,5,157
34,6,157
34,7,157
34,0,158
34,1,158
34,2,158
34,3,158
34,4,158
34,5,158
34,6,158
34,7,158
34,0,159
34,1,159
34,2,159
34,3,159
34,6,163
34,7,163
34,0,164
34,1,164
34,2,164
34,3,164
34,4,164
34,5,164
34,6,164
34,7,164
34,0,165
34,1,165
34,6,165
34,7,165
35,2,30
35,3,30
35,4,30
35,5,30
35,4,31
35,5,31
35,6,31
35,7,31
35,0,32
35,1,32
35,0,37
35,1,37
35,2,37
35,3,37
35,4,37
35,5,37
35,6,37
35,7,37
35,0,38
35,1,38
35,2,38
35,3,38
35,4,38
35,5,38
35,6,38
35,7,38
35,0,44
35,1,44
35,2,44
35,3,44
35,4,44
35,5,44
35,6,44
35,7,44
35,0,51
35,1,51
35,2,51
35,3,51
35,0,58
35,1,58
35,2,58
35,3,58
35,4,58
35,5,58
35,2,65
35,3,65
35,4,65
35,5,65
35,2,72
35,3,72
35,4,72
35,5,72
35,4,79
35,5,79
35,4,86
35,5,86
35,6,86
35,7,86
35,2,88
35,3,88
35,4,88
35,5,88
35,6,88
35,7,88
35,0,89
35,1,89
35,4,93
35,5,93
35,6,93
35,7,93
35,4,94
35,5,94
35,6,94
35,7,94
35,0,95
35,1,95
35,2,95
35,3,95
35,4,95
35,5,95
35,6,95
35,7,95
35,0,96
35,1,96
35,2,96
35,3,96
35,4,100
35,5,100
35,6,100
35,7,100
35,0,101
35,1,101
35,4,101
35,5,101
35,6,101
35,7,101
35,0,102
35,1,102
35,0,103
35,1,103
35,2,103
35,3,103
35,4,103
35,5,103
35,6,107
35,7,107
35,0,108
35,1,108
35,2,108
35,3,108
35,4,108
35,5,108
35,0,109
35,1,109
35,2,110
35,3,110
35,4,110
35,5,110
35,4,114
35,5,114
35,6,114
35,7,114
35,0,115
35,1,115
35,2,115
35,3,115
35,4,117
35,5,117
35,6,117
35,7,117
35,4,121
35,5,121
35,6,121
35,7,121
35,0,122
35,1,122
35,4,124
35,5,124
35,6,124
35,7,124
35,4,128
35,5,128
35,6,128
35,7,128
35,2,131
35,3,131
35,4,131
35,5,131
35,6,131
35,7,131
35,0,135
35,1,135
35,2,135
35,3,135
35,4,138
35,5,138
35,6,138
35,7,138
35,2,142
35,3,142
35,4,142
35,5,142
35,0,145
35,1,145
35,2,145
35,3,145
35,4,145
35,5,145
35,0,149
35,1,149
35,2,149
35,3,149
35,4,149
35,5,149
35,6,149
35,7,149
35,0,150
35,1,150
35,2,150
35,3,150
35,6,150
35,7,150
35,0,151
35,1,151
35,6,151
35,7,151
35,0,152
35,1,152
35,2,152
35,3,152
35,2,156
35,3,156
35,4,156
35,5,156
35,6,156
35,7,156
35,0,157
35,1,157
35,2,157
35,3,157
35,4,157
35,5,157
35,6,157
35,7,157
35,0,158
35,1,158
35,2,158
35,3,158
35,4,158
35,5,158
35,6,158
35,7,158
35,0,159
35,1,159
35,0,164
35,1,164
35,2,164
35,3,164
35,4,164
35,5,164
35,6,164
35,7,164
35,2,165
35,3,165
35,4,165
35,5,165
35,6,165
35,7,165
36,0,30
36,1,30
36,2,30
36,3,30
36,4,30
36,5,30
36,2,31
36,3,31
36,4,31
36,5,31
36,6,31
36,7,31
36,0,32
36,1,32
36,0,37
36,1,37
36,2,37
36,3,37
36,4,37
36,5,37
36,6,37
36,7,37
36,0,38
36,1,38
36,2,38
36,3,38
36,4,38
36,5,38
36,0,39
36,1,39
36,0,44
36,1,44
36,2,44
36,3,44
36,4,44
36,5,44
36,0,45
36,1,45
36,0,51
36,1,51
36,2,51
36,3,51
36,2,58
36,3,58
36,4,58
36,5,58
36,2,65
36,3,65
36,4,65
36,5,65
36,6,65
36,7,65
36,4,72
36,5,72
36,4,79
36,5,79
36,6,79
36,7,79
36,4,86
36,5,86
36,6,86
36,7,86
36,0,87
36,1,87
36,0,88
36,1,88
36,4,88
36,5,88
36,6,88
36,7,88
36,0,89
36,1,89
36,4,93
36,5,93
36,6,93
36,7,93
36,6,94
36,7,94
36,0,95
36,1,95
36,2,95
36,3,95
36,4,95
36,5,95
36,6,95
36,7,95
36,0,96
36,1,96
36,2,96
36,3,96
36,4,100
36,5,100
36,6,100
36,7,100
36,0,101
36,1,101
36,2,101
36,3,101
36,4,101
36,5,101
36,6,101
36,7,101
36,0,102
36,1,102
36,0,103
36,1,103
36,2,103
36,3,103
36,4,103
36,5,103
36,4,107
36,5,107
36,6,107
36,7,107
36,0,108
36,1,108
36,2,108
36,3,108
36,4,108
36,5,108
36,6,108
36,7,108
36,2,110
36,3,110
36,4,110
36,5,110
36,6,110
36,7,110
36,4,114
36,5,114
36,6,114
36,7,114
36,0,115
36,1,115
36,2,115
36,3,115
36,4,117
36,5,117
36,6,117
36,7,117
36,4,121
36,5,121
36,6,121
36,7,121
36,0,122
36,1,122
36,2,122
36,3,122
36,4,124
36,5,124
36,6,124
36,7,124
36,6,128
36,7,128
36,4,131
36,5,131
36,6,131
36,7,131
36,2,135
36,3,135
36,2,138
36,3,138
36,4,138
36,5,138
36,2,142
36,3,142
36,4,142
36,5,142
36,0,145
36,1,145
36,2,145
36,3,145
36,4,145
36,5,145
36,0,149
36,1,149
36,2,149
36,3,149
36,4,149
36,5,149
36,6,149
36,7,149
36,2,150
36,3,150
36,0,151
36,1,151
36,0,152
36,1,152
36,2,152
36,3,152
36,4,152
36,5,152
36,2,156
36,3,156
36,4,156
36,5,156
36,6,156
36,7,156
36,0,157
36,1,157
36,2,157
36,3,157
36,4,157
36,5,157
36,6,157
36,7,157
36,0,158
36,1,158
36,2,158
36,3,158
36,4,158
36,5,158
36,6,158
36,7,158
36,0,159
36,1,159
36,2,159
36,3,159
36,6,163
36,7,163
36,0,164
36,1,164
36,6,164
36,7,164
36,0,165
36,1,165
36,4,165
36,5,165
36,6,165
36,7,165
37,0,30
37,1,30
37,2,30
37,3,30
37,4,30
37,5,30
37,6,30
37,7,30
37,0,31
37,1,31
37,2,31
37,3,31
37,4,31
37,5,31
37,6,31
37,7,31
37,0,32
37,1,32
37,2,32
37,3,32
37,0,37
37,1,37
37,4,37
37,5,37
37,6,37
37,7,37
37,0,38
37,1,38
37,2,38
37,3,38
37,4,38
37,5,38
37,6,38
37,7,38
37,0,44
37,1,44
37,2,44
37,3,44
37,6,44
37,7,44
37,0,45
37,1,45
37,4,45
37,5,45
37,0,51
37,1,51
37,2,51
37,3,51
37,0,58
37,1,58
37,2,58
37,3,58
37,4,58
37,5,58
37,0,65
37,1,65
37,2,65
37,3,65
37,4,65
37,5,65
37,6,65
37,7,65
37,2,72
37,3,72
37,4,72
37,5,72
37,2,79
37,3,79
37,4,79
37,5,79
37,6,79
37,7,79
37,4,86
37,5,86
37,6,86
37,7,86
37,2,88
37,3,88
37,4,88
37,5,88
37,6,88
37,7,88
37,0,89
37,1,89
37,4,93
37,5,93
37,6,93
37,7,93
37,4,94
37,5,94
37,6,94
37,7,94
37,0,95
37,1,95
37,2,95
37,3,95
37,4,95
37,5,95
37,6,95
37,7,95
37,0,96
37,1,96
37,2,96
37,3,96
37,6,100
37,7,100
37,0,101
37,1,101
37,2,101
37,3,101
37,4,101
37,5,101
37,6,101
37,7,101
37,0,102
37,1,102
37,0,103
37,1,103
37,2,103
37,3,103
37,4,103
37,5,103
37,6,107
37,7,107
37,0,108
37,1,108
37,2,108
37,3,108
37,4,108
37,5,108
37,6,108
37,7,108
37,2,110
37,3,110
37,4,110
37,5,110
37,4,114
37,5,114
37,6,114
37,7,114
37,0,115
37,1,115
37,2,115
37,3,115
37,4,117
37,5,117
37,6,117
37,7,117
37,4,121
37,5,121
37,6,121
37,7,121
37,0,122
37,1,122
37,2,122
37,3,122
37,4,124
37,5,124
37,6,124
37,7,124
37,6,128
37,7,128
37,0,129
37,1,129
37,4,131
37,5,131
37,6,131
37,7,131
37,2,138
37,3,138
37,4,138
37,5,138
37,2,142
37,3,142
37,2,145
37,3,145
37,4,145
37,5,145
37,2,149
37,3,149
37,4,149
37,5,149
37,2,151
37,3,151
37,4,151
37,5,151
37,6,151
37,7,151
37,0,152
37,1,152
37,2,152
37,3,152
37,4,152
37,5,152
37,0,156
37,1,156
37,2,156
37,3,156
37,4,156
37,5,156
37,6,156
37,7,156
37,0,157
37,1,157
37,2,157
37,3,157
37,4,157
37,5,157
37,6,157
37,7,157
37,0,158
37,1,158
37,2,158
37,3,158
37,4,158
37,5,158
37,6,158
37,7,158
37,0,159
37,1,159
37,4,163
37,5,163
37,6,163
37,7,163
37,2,164
37,3,164
37,0,165
37,1,165
37,2,165
37,3,165
37,4,165
37,5,165
38,0,30
38,1,30
38,2,30
38,3,30
38,4,30
38,5,30
38,0,31
38,1,31
38,2,31
38,3,31
38,4,31
38,5,31
38,6,31
38,7,31
38,0,32
38,1,32
38,6,36
38,7,36
38,0,37
38,1,37
38,2,37
38,3,37
38,4,37
38,5,37
38,6,37
38,7,37
38,0,38
38,1,38
38,2,38
38,3,38
38,4,38
38,5,38
38,6,38
38,7,38
38,0,39
38,1,39
38,2,39
38,3,39
38,0,44
38,1,44
38,2,44
38,3,44
38,6,44
38,7,44
38,0,45
38,1,45
38,0,51
38,1,51
38,2,51
38,3,51
38,4,51
38,5,51
38,0,58
38,1,58
38,2,58
38,3,58
38,4,58
38,5,58
38,0,65
38,1,65
38,2,65
38,3,65
38,4,65
38,5,65
38,6,65
38,7,65
38,2,72
38,3,72
38,4,72
38,5,72
38,6,72
38,7,72
38,2,79
38,3,79
38,4,79
38,5,79
38,6,79
38,7,79
38,4,86
38,5,86
38,6,86
38,7,86
38,4,88
38,5,88
38,6,88
38,7,88
38,0,89
38,1,89
38,2,89
38,3,89
38,4,93
38,5,93
38,6,93
38,7,93
38,0,95
38,1,95
38,2,95
38,3,95
38,4,95
38,5,95
38,6,95
38,7,95
38,0,96
38,1,96
38,2,96
38,3,96
38,4,100
38,5,100
38,6,100
38,7,100
38,0,101
38,1,101
38,2,101
38,3,101
38,4,101
38,5,101
38,6,101
38,7,101
38,0,102
38,1,102
38,2,102
38,3,102
38,4,102
38,5,102
38,0,103
38,1,103
38,2,103
38,3,103
38,4,103
38,5,103
38,6,107
38,7,107
38,0,108
38,1,108
38,2,108
38,3,108
38,4,108
38,5,108
38,2,110
38,3,110
38,4,110
38,5,110
38,6,110
38,7,110
38,4,114
38,5,114
38,6,114
38,7,114
38,0,115
38,1,115
38,4,117
38,5,117
38,6,117
38,7,117
38,4,121
38,5,121
38,6,121
38,7,121
38,0,122
38,1,122
38,4,124
38,5,124
38,6,124
38,7,124
38,6,128
38,7,128
38,4,131
38,5,131
38,6,131
38,7,131
38,2,135
38,3,135
38,2,138
38,3,138
38,4,138
38,5,138
38,6,138
38,7,138
38,0,142
38,1,142
38,2,142
38,3,142
38,4,142
38,5,142
38,0,145
38,1,145
38,2,145
38,3,145
38,4,145
38,5,145
38,2,149
38,3,149
38,4,149
38,5,149
38,6,149
38,7,149
38,0,150
38,1,150
38,2,150
38,3,150
38,4,150
38,5,150
38,6,150
38,7,150
38,0,151
38,1,151
38,6,151
38,7,151
38,0,152
38,1,152
38,2,152
38,3,152
38,2,156
38,3,156
38,4,156
38,5,156
38,6,156
38,7,156
38,0,157
38,1,157
38,2,157
38,3,157
38,4,157
38,5,157
38,6,157
38,7,157
38,0,158
38,1,158
38,2,158
38,3,158
38,4,158
38,5,158
38,6,158
38,7,158
38,0,159
38,1,159
38,4,163
38,5,163
38,6,163
38,7,163
38,0,164
38,1,164
38,2,164
38,3,164
38,4,164
38,5,164
38,6,164
38,7,164
38,0,165
38,1,165
38,2,165
38,3,165
38,4,165
38,5,165
39,0,30
39,1,30
39,2,30
39,3,30
39,4,30
39,5,30
39,6,30
39,7,30
39,0,31
39,1,31
39,2,31
39,3,31
39,4,31
39,5,31
39,6,31
39,7,31
39,0,32
39,1,32
39,6,36
39,7,36
39,0,37
39,1,37
39,2,37
39,3,37
39,4,37
39,5,37
39,6,37
39,7,37
39,0,38
39,1,38
39,2,38
39,3,38
39,4,38
39,5,38
39,0,39
39,1,39
39,0,44
39,1,44
39,2,44
39,3,44
39,4,44
39,5,44
39,0,45
39,1,45
39,0,51
39,1,51
39,2,51
39,3,51
39,4,51
39,5,51
39,0,58
39,1,58
39,2,58
39,3,58
39,4,58
39,5,58
39,2,65
39,3,65
39,4,65
39,5,65
39,2,72
39,3,72
39,4,72
39,5,72
39,2,79
39,3,79
39,4,79
39,5,79
39,4,86
39,5,86
39,6,86
39,7,86
39,0,88
39,1,88
39,2,88
39,3,88
39,4,88
39,5,88
39,6,88
39,7,88
39,0,89
39,1,89
39,4,93
39,5,93
39,6,93
39,7,93
39,6,94
39,7,94
39,0,95
39,1,95
39,2,95
39,3,95
39,4,95
39,5,95
39,6,95
39,7,95
39,0,96
39,1,96
39,2,96
39,3,96
39,4,100
39,5,100
39,6,100
39,7,100
39,0,101
39,1,101
39,2,101
39,3,101
39,4,101
39,5,101
39,6,101
39,7,101
39,0,102
39,1,102
39,2,102
39,3,102
39,0,103
39,1,103
39,2,103
39,3,103
39,4,103
39,5,103
39,6,107
39,7,107
39,0,108
39,1,108
39,2,108
39,3,108
39,4,108
39,5,108
39,6,108
39,7,108
39,2,110
39,3,110
39,4,110
39,5,110
39,6,110
39,7,110
39,6,114
39,7,114
39,0,115
39,1,115
39,2,115
39,3,115
39,4,117
39,5,117
39,6,117
39,7,117
39,6,121
39,7,121
39,0,122
39,1,122
39,4,124
39,5,124
39,6,124
39,7,124
39,6,128
39,7,128
39,0,129
39,1,129
39,4,131
39,5,131
39,6,131
39,7,131
39,0,135
39,1,135
39,2,138
39,3,138
39,4,138
39,5,138
39,6,138
39,7,138
39,2,142
39,3,142
39,2,145
39,3,145
39,4,145
39,5,145
39,6,145
39,7,145
39,0,149
39,1,149
39,2,149
39,3,149
39,4,149
39,5,149
39,6,151
39,7,151
39,0,152
39,1,152
39,2,152
39,3,152
39,4,152
39,5,152
39,0,156
39,1,156
39,2,156
39,3,156
39,4,156
39,5,156
39,6,156
39,7,156
39,0,157
39,1,157
39,2,157
39,3,157
39,4,157
39,5,157
39,6,157
39,7,157
39,0,158
39,1,158
39,2,158
39,3,158
39,4,158
39,5,158
39,6,158
39,7,158
39,0,159
39,1,159
39,2,159
39,3,159
39,2,163
39,3,163
39,4,163
39,5,163
39,6,163
39,7,163
39,0,164
39,1,164
39,2,164
39,3,164
39,0,165
39,1,165
39,2,165
39,3,165
40,0,30
40,1,30
40,2,30
40,3,30
40,4,30
40,5,30
40,0,31
40,1,31
40,2,31
40,3,31
40,4,31
40,5,31
40,6,31
40,7,31
40,0,32
40,1,32
40,0,37
40,1,37
40,2,37
40,3,37
40,4,37
40,5,37
40,6,37
40,7,37
40,0,38
40,1,38
40,2,38
40,3,38
40,4,38
40,5,38
40,6,38
40,7,38
40,0,44
40,1,44
40,2,44
40,3,44
40,0,51
40,1,51
40,2,51
40,3,51
40,4,51
40,5,51
40,2,58
40,3,58
40,4,58
40,5,58
40,0,65
40,1,65
40,2,65
40,3,65
40,4,65
40,5,65
40,6,65
40,7,65
40,4,72
40,5,72
40,6,72
40,7,72
40,4,79
40,5,79
40,6,79
40,7,79
40,2,86
40,3,86
40,4,86
40,5,86
40,6,86
40,7,86
40,2,88
40,3,88
40,4,88
40,5,88
40,6,88
40,7,88
40,0,89
40,1,89
40,4,93
40,5,93
40,6,93
40,7,93
40,0,94
40,1,94
40,6,94
40,7,94
40,0,95
40,1,95
40,2,95
40,3,95
40,4,95
40,5,95
40,6,95
40,7,95
40,0,96
40,1,96
40,2,96
40,3,96
40,4,100
40,5,100
40,6,100
40,7,100
40,0,101
40,1,101
40,2,101
40,3,101
40,4,101
40,5,101
40,6,101
40,7,101
40,0,102
40,1,102
40,2,102
40,3,102
40,4,102
40,5,102
40,0,103
40,1,103
40,2,103
40,3,103
40,4,103
40,5,103
40,4,107
40,5,107
40,6,107
40,7,107
40,0,108
40,1,108
40,2,108
40,3,108
40,4,108
40,5,108
40,2,110
40,3,110
40,4,110
40,5,110
40,6,114
40,7,114
40,0,115
40,1,115
40,4,117
40,5,117
40,6,117
40,7,117
40,0,118
40,1,118
40,4,121
40,5,121
40,6,121
40,7,121
40,0,122
40,1,122
40,4,124
40,5,124
40,6,124
40,7,124
40,4,128
40,5,128
40,6,128
40,7,128
40,0,129
40,1,129
40,4,131
40,5,131
40,6,131
40,7,131
40,0,135
40,1,135
40,2,138
40,3,138
40,4,138
40,5,138
40,6,138
40,7,138
40,2,142
40,3,142
40,0,145
40,1,145
40,2,145
40,3,145
40,4,145
40,5,145
40,6,145
40,7,145
40,2,149
40,3,149
40,4,149
40,5,149
40,6,149
40,7,149
40,0,150
40,1,150
40,0,151
40,1,151
40,4,151
40,5,151
40,0,152
40,1,152
40,2,152
40,3,152
40,4,152
40,5,152
40,0,156
40,1,156
40,2,156
40,3,156
40,4,156
40,5,156
40,6,156
40,7,156
40,0,157
40,1,157
40,2,157
40,3,157
40,4,157
40,5,157
40,6,157
40,7,157
40,0,158
40,1,158
40,2,158
40,3,158
40,4,158
40,5,158
40,6,158
40,7,158
40,0,159
40,1,159
40,4,163
40,5,163
40,6,163
40,7,163
40,2,164
40,3,164
40,4,164
40,5,164
40,6,164
40,7,164
40,0,165
40,1,165
40,4,165
40,5,165
40,6,165
40,7,165
40,0,166
40,1,166
41,2,30
41,3,30
41,4,30
41,5,30
41,6,30
41,7,30
41,0,31
41,1,31
41,2,31
41,3,31
41,4,31
41,5,31
41,6,31
41,7,31
41,0,32
41,1,32
41,0,37
41,1,37
41,2,37
41,3,37
41,4,37
41,5,37
41,6,37
41,7,37
41,0,38
41,1,38
41,2,38
41,3,38
41,4,38
41,5,38
41,6,38
41,7,38
41,0,39
41,1,39
41,0,44
41,1,44
41,2,44
41,3,44
41,4,44
41,5,44
41,2,45
41,3,45
41,0,51
41,1,51
41,2,51
41,3,51
41,4,51
41,5,51
41,2,58
41,3,58
41,4,58
41,5,58
41,2,65
41,3,65
41,4,65
41,5,65
41,2,72
41,3,72
41,4,72
41,5,72
41,6,72
41,7,72
41,4,79
41,5,79
41,4,86
41,5,86
41,6,86
41,7,86
41,2,88
41,3,88
41,4,88
41,5,88
41,6,88
41,7,88
41,0,89
41,1,89
41,2,89
41,3,89
41,4,93
41,5,93
41,6,93
41,7,93
41,4,94
41,5,94
41,6,94
41,7,94
41,0,95
41,1,95
41,2,95
41,3,95
41,4,95
41,5,95
41,6,95
41,7,95
41,0,96
41,1,96
41,2,96
41,3,96
41,4,96
41,5,96
41,4,100
41,5,100
41,6,100
41,7,100
41,0,101
41,1,101
41,2,101
41,3,101
41,4,101
41,5,101
41,6,101
41,7,101
41,0,102
41,1,102
41,2,102
41,3,102
41,4,102
41,5,102
41,0,103
41,1,103
41,2,103
41,3,103
41,4,103
41,5,103
41,4,107
41,5,107
41,6,107
41,7,107
41,0,108
41,1,108
41,2,108
41,3,108
41,4,108
41,5,108
41,6,108
41,7,108
41,4,110
41,5,110
41,6,110
41,7,110
41,6,114
41,7,114
41,0,115
41,1,115
41,2,115
41,3,115
41,4,117
41,5,117
41,6,117
41,7,117
41,4,121
41,5,121
41,6,121
41,7,121
41,0,122
41,1,122
41,4,124
41,5,124
41,6,124
41,7,124
41,0,129
41,1,129
41,4,131
41,5,131
41,6,131
41,7,131
41,2,135
41,3,135
41,6,135
41,7,135
41,2,138
41,3,138
41,4,138
41,5,138
41,6,138
41,7,138
41,2,142
41,3,142
41,4,142
41,5,142
41,0,145
41,1,145
41,2,145
41,3,145
41,4,145
41,5,145
41,6,145
41,7,145
41,0,149
41,1,149
41,2,149
41,3,149
41,0,150
41,1,150
41,2,151
41,3,151
41,6,151
41,7,151
41,0,152
41,1,152
41,2,152
41,3,152
41,0,156
41,1,156
41,2,156
41,3,156
41,4,156
41,5,156
41,6,156
41,7,156
41,0,157
41,1,157
41,2,157
41,3,157
41,4,157
41,5,157
41,6,157
41,7,157
41,0,158
41,1,158
41,2,158
41,3,158
41,4,158
41,5,158
41,6,158
41,7,158
41,0,159
41,1,159
41,2,163
41,3,163
41,4,163
41,5,163
41,6,163
41,7,163
41,0,164
41,1,164
41,2,164
41,3,164
41,4,164
41,5,164
41,6,164
41,7,164
41,0,165
41,1,165
41,2,165
41,3,165
41,6,165
41,7,165
42,0,30
42,1,30
42,4,30
42,5,30
42,6,30
42,7,30
42,2,31
42,3,31
42,4,31
42,5,31
42,6,31
42,7,31
42,0,32
42,1,32
42,2,32
42,3,32
42,0,37
42,1,37
42,2,37
42,3,37
42,4,37
42,5,37
42,6,37
42,7,37
42,0,38
42,1,38
42,2,38
42,3,38
42,4,38
42,5,38
42,6,38
42,7,38
42,0,44
42,1,44
42,2,44
42,3,44
42,0,51
42,1,51
42,2,51
42,3,51
42,0,58
42,1,58
42,2,58
42,3,58
42,2,65
42,3,65
42,4,65
42,5,65
42,6,65
42,7,65
42,2,72
42,3,72
42,4,72
42,5,72
42,2,79
42,3,79
42,4,79
42,5,79
42,6,79
42,7,79
42,4,86
42,5,86
42,6,86
42,7,86
42,4,88
42,5,88
42,6,88
42,7,88
42,0,89
42,1,89
42,4,93
42,5,93
42,6,93
42,7,93
42,6,94
42,7,94
42,0,95
42,1,95
42,2,95
42,3,95
42,4,95
42,5,95
42,6,95
42,7,95
42,0,96
42,1,96
42,2,96
42,3,96
42,6,100
42,7,100
42,0,101
42,1,101
42,2,101
42,3,101
42,4,101
42,5,101
42,6,101
42,7,101
42,0,102
42,1,102
42,4,102
42,5,102
42,6,102
42,7,102
42,0,103
42,1,103
42,2,103
42,3,103
42,4,103
42,5,103
42,6,107
42,7,107
42,0,108
42,1,108
42,2,108
42,3,108
42,4,108
42,5,108
42,0,109
42,1,109
42,2,110
42,3,110
42,4,110
42,5,110
42,6,110
42,7,110
42,4,114
42,5,114
42,6,114
42,7,114
42,0,115
42,1,115
42,2,115
42,3,115
42,4,117
42,5,117
42,6,117
42,7,117
42,4,121
42,5,121
42,6,121
42,7,121
42,4,124
42,5,124
42,6,124
42,7,124
42,6,128
42,7,128
42,4,131
42,5,131
42,6,131
42,7,131
42,2,138
42,3,138
42,4,138
42,5,138
42,2,142
42,3,142
42,0,145
42,1,145
42,2,145
42,3,145
42,4,145
42,5,145
42,0,149
42,1,149
42,2,149
42,3,149
42,4,149
42,5,149
42,0,150
42,1,150
42,2,150
42,3,150
42,6,150
42,7,150
42,2,151
42,3,151
42,6,151
42,7,151
42,0,152
42,1,152
42,2,152
42,3,152
42,4,152
42,5,152
42,0,156
42,1,156
42,2,156
42,3,156
42,4,156
42,5,156
42,6,156
42,7,156
42,0,157
42,1,157
42,2,157
42,3,157
42,4,157
42,5,157
42,6,157
42,7,157
42,0,158
42,1,158
42,2,158
42,3,158
42,4,158
42,5,158
42,6,158
42,7,158
42,0,159
42,1,159
42,2,163
42,3,163
42,4,163
42,5,163
42,6,163
42,7,163
42,4,164
42,5,164
42,0,165
42,1,165
42,2,165
42,3,165
43,2,30
43,3,30
43,4,30
43,5,30
43,6,30
43,7,30
43,2,31
43,3,31
43,4,31
43,5,31
43,6,31
43,7,31
43,0,32
43,1,32
43,2,32
43,3,32
43,0,37
43,1,37
43,2,37
43,3,37
43,4,37
43,5,37
43,6,37
43,7,37
43,0,38
43,1,38
43,2,38
43,3,38
43,4,38
43,5,38
43,0,44
43,1,44
43,2,44
43,3,44
43,0,45
43,1,45
43,0,51
43,1,51
43,2,51
43,3,51
43,4,51
43,5,51
43,0,58
43,1,58
43,2,58
43,3,58
43,4,58
43,5,58
43,2,65
43,3,65
43,4,65
43,5,65
43,6,65
43,7,65
43,2,72
43,3,72
43,4,72
43,5,72
43,2,79
43,3,79
43,4,79
43,5,79
43,6,79
43,7,79
43,4,86
43,5,86
43,6,86
43,7,86
43,4,88
43,5,88
43,6,88
43,7,88
43,0,89
43,1,89
43,2,89
43,3,89
43,4,93
43,5,93
43,2,94
43,3,94
43,6,94
43,7,94
43,0,95
43,1,95
43,2,95
43,3,95
43,4,95
43,5,95
43,6,95
43,7,95
43,0,96
43,1,96
43,2,96
43,3,96
43,4,96
43,5,96
43,4,100
43,5,100
43,6,100
43,7,100
43,0,101
43,1,101
43,2,101
43,3,101
43,4,101
43,5,101
43,6,101
43,7,101
43,0,102
43,1,102
43,2,102
43,3,102
43,6,102
43,7,102
43,0,103
43,1,103
43,2,103
43,3,103
43,4,103
43,5,103
43,6,107
43,7,107
43,0,108
43,1,108
43,2,108
43,3,108
43,4,108
43,5,108
43,6,108
43,7,108
43,2,110
43,3,110
43,4,110
43,5,110
43,6,110
43,7,110
43,4,114
43,5,114
43,6,114
43,7,114
43,0,115
43,1,115
43,2,115
43,3,115
43,4,117
43,5,117
43,6,117
43,7,117
43,4,121
43,5,121
43,6,121
43,7,121
43,4,124
43,5,124
43,6,124
43,7,124
43,0,125
43,1,125
43,4,128
43,5,128
43,6,128
43,7,128
43,4,131
43,5,131
43,6,131
43,7,131
43,0,135
43,1,135
43,2,135
43,3,135
43,2,138
43,3,138
43,4,138
43,5,138
43,6,138
43,7,138
43,0,142
43,1,142
43,2,145
43,3,145
43,4,145
43,5,145
43,0,149
43,1,149
43,2,149
43,3,149
43,4,149
43,5,149
43,6,149
43,7,149
43,2,150
43,3,150
43,6,150
43,7,150
43,0,151
43,1,151
43,2,151
43,3,151
43,6,151
43,7,151
43,0,152
43,1,152
43,2,152
43,3,152
43,4,152
43,5,152
43,2,156
43,3,156
43,4,156
43,5,156
43,6,156
43,7,156
43,0,157
43,1,157
43,2,157
43,3,157
43,4,157
43,5,157
43,6,157
43,7,157
43,0,158
43,1,158
43,2,158
43,3,158
43,4,158
43,5,158
43,6,158
43,7,158
43,0,159
43,1,159
43,2,159
43,3,159
43,4,163
43,5,163
43,6,163
43,7,163
43,0,164
43,1,164
43,2,164
43,3,164
43,6,164
43,7,164
43,0,165
43,1,165
44,0,30
44,1,30
44,2,30
44,3,30
44,4,30
44,5,30
44,2,31
44,3,31
44,4,31
44,5,31
44,6,31
44,7,31
44,0,32
44,1,32
44,0,37
44,1,37
44,2,37
44,3,37
44,4,37
44,5,37
44,6,37
44,7,37
44,0,38
44,1,38
44,2,38
44,3,38
44,4,38
44,5,38
44,6,38
44,7,38
44,0,39
44,1,39
44,0,44
44,1,44
44,2,44
44,3,44
44,4,44
44,5,44
44,6,44
44,7,44
44,0,51
44,1,51
44,2,51
44,3,51
44,0,58
44,1,58
44,2,58
44,3,58
44,4,58
44,5,58
44,2,65
44,3,65
44,4,65
44,5,65
44,4,72
44,5,72
44,6,72
44,7,72
44,4,79
44,5,79
44,6,79
44,7,79
44,4,86
44,5,86
44,6,86
44,7,86
44,0,88
44,1,88
44,4,88
44,5,88
44,6,88
44,7,88
44,0,89
44,1,89
44,4,93
44,5,93
44,6,93
44,7,93
44,4,94
44,5,94
44,6,94
44,7,94
44,0,95
44,1,95
44,2,95
44,3,95
44,4,95
44,5,95
44,6,95
44,7,95
44,0,96
44,1,96
44,2,96
44,3,96
44,4,100
44,5,100
44,6,100
44,7,100
44,0,101
44,1,101
44,2,101
44,3,101
44,4,101
44,5,101
44,6,101
44,7,101
44,0,102
44,1,102
44,6,102
44,7,102
44,0,103
44,1,103
44,2,103
44,3,103
44,4,103
44,5,103
44,6,103
44,7,103
44,6,107
44,7,107
44,0,108
44,1,108
44,2,108
44,3,108
44,4,108
44,5,108
44,2,110
44,3,110
44,4,110
44,5,110
44,4,114
44,5,114
44,6,114
44,7,114
44,0,115
44,1,115
44,2,115
44,3,115
44,4,117
44,5,117
44,6,117
44,7,117
44,6,121
44,7,121
44,0,122
44,1,122
44,4,124
44,5,124
44,6,124
44,7,124
44,6,128
44,7,128
44,4,131
44,5,131
44,6,131
44,7,131
44,2,138
44,3,138
44,4,138
44,5,138
44,6,138
44,7,138
44,0,142
44,1,142
44,2,142
44,3,142
44,2,145
44,3,145
44,4,145
44,5,145
44,6,145
44,7,145
44,0,149
44,1,149
44,2,149
44,3,149
44,4,149
44,5,149
44,0,150
44,1,150
44,2,151
44,3,151
44,6,151
44,7,151
44,0,152
44,1,152
44,2,152
44,3,152
44,4,152
44,5,152
44,0,156
44,1,156
44,2,156
44,3,156
44,4,156
44,5,156
44,6,156
44,7,156
44,0,157
44,1,157
44,2,157
44,3,157
44,4,157
44,5,157
44,6,157
44,7,157
44,0,158
44,1,158
44,2,158
44,3,158
44,4,158
44,5,158
44,6,158
44,7,158
44,0,159
44,1,159
44,2,164
44,3,164
44,4,164
44,5,164
44,0,165
44,1,165
44,2,165
44,3,165
44,4,165
44,5,165
44,6,165
44,7,165
45,2,30
45,3,30
45,4,30
45,5,30
45,6,30
45,7,30
45,0,31
45,1,31
45,2,31
45,3,31
45,4,31
45,5,31
45,6,31
45,7,31
45,0,32
45,1,32
45,2,32
45,3,32
45,6,36
45,7,36
45,0,37
45,1,37
45,2,37
45,3,37
45,4,37
45,5,37
45,6,37
45,7,37
45,0,38
45,1,38
45,2,38
45,3,38
45,4,38
45,5,38
45,6,38
45,7,38
45,6,43
45,7,43
45,0,44
45,1,44
45,2,44
45,3,44
45,0,45
45,1,45
45,0,51
45,1,51
45,2,51
45,3,51
45,0,58
45,1,58
45,2,58
45,3,58
45,4,58
45,5,58
45,0,65
45,1,65
45,2,65
45,3,65
45,4,65
45,5,65
45,6,65
45,7,65
45,2,72
45,3,72
45,4,72
45,5,72
45,4,79
45,5,79
45,6,79
45,7,79
45,4,86
45,5,86
45,6,86
45,7,86
45,2,88
45,3,88
45,4,88
45,5,88
45,6,88
45,7,88
45,0,89
45,1,89
45,2,89
45,3,89
45,4,93
45,5,93
45,6,93
45,7,93
45,6,94
45,7,94
45,0,95
45,1,95
45,2,95
45,3,95
45,4,95
45,5,95
45,6,95
45,7,95
45,0,96
45,1,96
45,2,96
45,3,96
45,6,100
45,7,100
45,0,101
45,1,101
45,2,101
45,3,101
45,4,101
45,5,101
45,6,101
45,7,101
45,0,102
45,1,102
45,6,102
45,7,102
45,2,103
45,3,103
45,4,103
45,5,103
45,6,107
45,7,107
45,0,108
45,1,108
45,2,108
45,3,108
45,4,108
45,5,108
45,6,108
45,7,108
45,0,110
45,1,110
45,4,110
45,5,110
45,6,110
45,7,110
45,4,114
45,5,114
45,6,114
45,7,114
45,0,115
45,1,115
45,2,115
45,3,115
45,4,117
45,5,117
45,6,117
45,7,117
45,6,121
45,7,121
45,0,122
45,1,122
45,4,124
45,5,124
45,6,124
45,7,124
45,6,128
45,7,128
45,4,131
45,5,131
45,6,131
45,7,131
45,0,135
45,1,135
45,2,135
45,3,135
45,2,138
45,3,138
45,4,138
45,5,138
45,6,138
45,7,138
45,2,142
45,3,142
45,0,145
45,1,145
45,2,145
45,3,145
45,4,145
45,5,145
45,0,149
45,1,149
45,2,149
45,3,149
45,6,150
45,7,150
45,0,151
45,1,151
45,6,151
45,7,151
45,0,152
45,1,152
45,2,152
45,3,152
45,4,152
45,5,152
45,0,156
45,1,156
45,2,156
45,3,156
45,4,156
45,5,156
45,6,156
45,7,156
45,0,157
45,1,157
45,2,157
45,3,157
45,4,157
45,5,157
45,6,157
45,7,157
45,0,158
45,1,158
45,2,158
45,3,158
45,4,158
45,5,158
45,6,158
45,7,158
45,0,159
45,1,159
45,2,164
45,3,164
45,4,164
45,5,164
45,6,164
45,7,164
45,0,165
45,1,165
45,2,165
45,3,165
46,6,29
46,7,29
46,0,30
46,1,30
46,4,30
46,5,30
46,6,30
46,7,30
46,0,31
46,1,31
46,4,31
46,5,31
46,6,31
46,7,31
46,0,32
46,1,32
46,6,36
46,7,36
46,0,37
46,1,37
46,2,37
46,3,37
46,4,37
46,5,37
46,6,37
46,7,37
46,0,38
46,1,38
46,2,38
46,3,38
46,4,38
46,5,38
46,0,39
46,1,39
46,0,44
46,1,44
46,0,45
46,1,45
46,0,51
46,1,51
46,2,51
46,3,51
46,4,51
46,5,51
46,0,58
46,1,58
46,2,58
46,3,58
46,0,65
46,1,65
46,2,65
46,3,65
46,4,65
46,5,65
46,2,72
46,3,72
46,4,72
46,5,72
46,4,79
46,5,79
46,6,79
46,7,79
46,2,86
46,3,86
46,4,86
46,5,86
46,6,86
46,7,86
46,0,88
46,1,88
46,4,88
46,5,88
46,6,88
46,7,88
46,0,89
46,1,89
46,2,89
46,3,89
46,4,93
46,5,93
46,6,93
46,7,93
46,6,94
46,7,94
46,0,95
46,1,95
46,2,95
46,3,95
46,4,95
46,5,95
46,6,95
46,7,95
46,0,96
46,1,96
46,2,96
46,3,96
46,4,100
46,5,100
46,6,100
46,7,100
46,0,101
46,1,101
46,2,101
46,3,101
46,4,101
46,5,101
46,6,101
46,7,101
46,0,102
46,1,102
46,2,102
46,3,102
46,4,102
46,5,102
46,0,103
46,1,103
46,2,103
46,3,103
46,4,103
46,5,103
46,6,107
46,7,107
46,0,108
46,1,108
46,2,108
46,3,108
46,4,108
46,5,108
46,2,110
46,3,110
46,4,110
46,5,110
46,6,110
46,7,110
46,6,114
46,7,114
46,0,115
46,1,115
46,2,115
46,3,115
46,4,117
46,5,117
46,6,117
46,7,117
46,4,121
46,5,121
46,6,121
46,7,121
46,0,122
46,1,122
46,4,124
46,5,124
46,6,124
46,7,124
46,0,129
46,1,129
46,4,131
46,5,131
46,6,131
46,7,131
46,2,135
46,3,135
46,2,138
46,3,138
46,4,138
46,5,138
46,6,138
46,7,138
46,2,142
46,3,142
46,2,145
46,3,145
46,4,145
46,5,145
46,0,149
46,1,149
46,2,149
46,3,149
46,4,149
46,5,149
46,2,150
46,3,150
46,6,150
46,7,150
46,6,151
46,7,151
46,0,152
46,1,152
46,2,152
46,3,152
46,4,152
46,5,152
46,2,156
46,3,156
46,4,156
46,5,156
46,6,156
46,7,156
46,0,157
46,1,157
46,2,157
46,3,157
46,4,157
46,5,157
46,6,157
46,7,157
46,0,158
46,1,158
46,2,158
46,3,158
46,4,158
46,5,158
46,6,158
46,7,158
46,0,159
46,1,159
46,4,163
46,5,163
46,6,163
46,7,163
46,0,164
46,1,164
46,2,164
46,3,164
46,4,164
46,5,164
46,6,164
46,7,164
46,0,165
46,1,165
46,2,165
46,3,165
46,6,165
46,7,165
47,6,29
47,7,29
47,0,30
47,1,30
47,2,30
47,3,30
47,4,30
47,5,30
47,2,31
47,3,31
47,4,31
47,5,31
47,6,31
47,7,31
47,0,32
47,1,32
47,0,37
47,1,37
47,2,37
47,3,37
47,4,37
47,5,37
47,6,37
47,7,37
47,0,38
47,1,38
47,2,38
47,3,38
47,4,38
47,5,38
47,6,38
47,7,38
47,0,44
47,1,44
47,2,44
47,3,44
47,4,44
47,5,44
47,6,44
47,7,44
47,0,51
47,1,51
47,2,51
47,3,51
47,0,58
47,1,58
47,2,58
47,3,58
47,0,65
47,1,65
47,2,65
47,3,65
47,4,65
47,5,65
47,2,72
47,3,72
47,4,72
47,5,72
47,2,79
47,3,79
47,4,79
47,5,79
47,4,86
47,5,86
47,6,86
47,7,86
47,2,88
47,3,88
47,4,88
47,5,88
47,6,88
47,7,88
47,0,89
47,1,89
47,4,93
47,5,93
47,6,93
47,7,93
47,6,94
47,7,94
47,0,95
47,1,95
47,2,95
47,3,95
47,4,95
47,5,95
47,6,95
47,7,95
47,0,96
47,1,96
47,2,96
47,3,96
47,6,100
47,7,100
47,0,101
47,1,101
47,2,101
47,3,101
47,4,101
47,5,101
47,6,101
47,7,101
47,0,102
47,1,102
47,2,103
47,3,103
47,4,103
47,5,103
47,6,107
47,7,107
47,0,108
47,1,108
47,2,108
47,3,108
47,4,108
47,5,108
47,6,108
47,7,108
47,4,110
47,5,110
47,6,110
47,7,110
47,6,114
47,7,114
47,0,115
47,1,115
47,2,115
47,3,115
47,4,117
47,5,117
47,6,117
47,7,117
47,4,121
47,5,121
47,6,121
47,7,121
47,0,122
47,1,122
47,4,124
47,5,124
47,6,124
47,7,124
47,0,129
47,1,129
47,4,131
47,5,131
47,6,131
47,7,131
47,2,135
47,3,135
47,2,138
47,3,138
47,4,138
47,5,138
47,0,142
47,1,142
47,2,142
47,3,142
47,2,145
47,3,145
47,4,145
47,5,145
47,6,145
47,7,145
47,0,149
47,1,149
47,2,149
47,3,149
47,4,149
47,5,149
47,0,150
47,1,150
47,2,150
47,3,150
47,2,151
47,3,151
47,4,151
47,5,151
47,0,152
47,1,152
47,2,152
47,3,152
47,0,156
47,1,156
47,2,156
47,3,156
47,4,156
47,5,156
47,6,156
47,7,156
47,0,157
47,1,157
47,2,157
47,3,157
47,4,157
47,5,157
47,6,157
47,7,157
47,0,158
47,1,158
47,2,158
47,3,158
47,4,158
47,5,158
47,6,158
47,7,158
47,0,159
47,1,159
47,2,163
47,3,163
47,4,163
47,5,163
47,6,163
47,7,163
47,0,164
47,1,164
47,6,164
47,7,164
47,0,165
47,1,165
47,2,165
47,3,165
47,6,165
47,7,165
48,0,30
48,1,30
48,2,30
48,3,30
48,0,31
48,1,31
48,4,31
48,5,31
48,6,31
48,7,31
48,0,32
48,1,32
48,0,37
48,1,37
48,2,37
48,3,37
48,4,37
48,5,37
48,6,37
48,7,37
48,0,38
48,1,38
48,2,38
48,3,38
48,4,38
48,5,38
48,0,39
48,1,39
48,0,44
48,1,44
48,2,44
48,3,44
48,4,45
48,5,45
48,0,51
48,1,51
48,2,51
48,3,51
48,0,58
48,1,58
48,2,58
48,3,58
48,2,65
48,3,65
48,4,65
48,5,65
48,6,65
48,7,65
48,2,72
48,3,72
48,4,72
48,5,72
48,4,79
48,5,79
48,6,79
48,7,79
48,4,86
48,5,86
48,6,86
48,7,86
48,4,88
48,5,88
48,6,88
48,7,88
48,0,89
48,1,89
48,4,93
48,5,93
48,6,93
48,7,93
48,0,94
48,1,94
48,4,94
48,5,94
48,6,94
48,7,94
48,0,95
48,1,95
48,2,95
48,3,95
48,4,95
48,5,95
48,6,95
48,7,95
48,0,96
48,1,96
48,2,96
48,3,96
48,4,100
48,5,100
48,6,100
48,7,100
48,0,101
48,1,101
48,2,101
48,3,101
48,4,101
48,5,101
48,6,101
48,7,101
48,0,102
48,1,102
48,0,103
48,1,103
48,2,103
48,3,103
48,4,103
48,5,103
48,6,107
48,7,107
48,0,108
48,1,108
48,2,108
48,3,108
48,4,108
48,5,108
48,0,109
48,1,109
48,2,110
48,3,110
48,4,110
48,5,110
48,6,110
48,7,110
48,4,114
48,5,114
48,6,114
48,7,114
48,0,115
48,1,115
48,4,117
48,5,117
48,6,117
48,7,117
48,4,121
48,5,121
48,6,121
48,7,121
48,0,122
48,1,122
48,4,124
48,5,124
48,6,124
48,7,124
48,0,125
48,1,125
48,4,128
48,5,128
48,6,128
48,7,128
48,0,129
48,1,129
48,4,131
48,5,131
48,6,131
48,7,131
48,2,135
48,3,135
48,2,138
48,3,138
48,4,138
48,5,138
48,6,138
48,7,138
48,2,142
48,3,142
48,2,145
48,3,145
48,4,145
48,5,145
48,6,145
48,7,145
48,2,149
48,3,149
48,4,149
48,5,149
48,6,149
48,7,149
48,0,150
48,1,150
48,2,150
48,3,150
48,2,151
48,3,151
48,6,151
48,7,151
48,0,152
48,1,152
48,2,152
48,3,152
48,0,156
48,1,156
48,2,156
48,3,156
48,4,156
48,5,156
48,6,156
48,7,156
48,0,157
48,1,157
48,2,157
48,3,157
48,4,157
48,5,157
48,6,157
48,7,157
48,0,158
48,1,158
48,2,158
48,3,158
48,4,158
48,5,158
48,6,158
48,7,158
48,0,159
48,1,159
48,2,163
48,3,163
48,6,163
48,7,163
48,4,164
48,5,164
48,0,165
48,1,165
48,6,165
48,7,165
49,2,30
49,3,30
49,4,30
49,5,30
49,0,31
49,1,31
49,2,31
49,3,31
49,4,31
49,5,31
49,6,31
49,7,31
49,0,32
49,1,32
49,0,37
49,1,37
49,2,37
49,3,37
49,4,37
49,5,37
49,6,37
49,7,37
49,0,38
49,1,38
49,2,38
49,3,38
49,4,38
49,5,38
49,0,44
49,1,44
49,2,44
49,3,44
49,4,44
49,5,44
49,2,45
49,3,45
49,0,51
49,1,51
49,2,51
49,3,51
49,0,58
49,1,58
49,2,58
49,3,58
49,4,58
49,5,58
49,2,65
49,3,65
49,4,65
49,5,65
49,2,72
49,3,72
49,4,72
49,5,72
49,4,79
49,5,79
49,6,79
49,7,79
49,4,86
49,5,86
49,6,86
49,7,86
49,2,88
49,3,88
49,4,88
49,5,88
49,6,88
49,7,88
49,0,89
49,1,89
49,4,93
49,5,93
49,6,93
49,7,93
49,2,94
49,3,94
49,4,94
49,5,94
49,6,94
49,7,94
49,0,95
49,1,95
49,2,95
49,3,95
49,4,95
49,5,95
49,6,95
49,7,95
49,0,96
49,1,96
49,2,96
49,3,96
49,4,100
49,5,100
49,6,100
49,7,100
49,0,101
49,1,101
49,2,101
49,3,101
49,4,101
49,5,101
49,6,101
49,7,101
49,0,102
49,1,102
49,2,102
49,3,102
49,4,102
49,5,102
49,0,103
49,1,103
49,2,103
49,3,103
49,4,103
49,5,103
49,6,107
49,7,107
49,0,108
49,1,108
49,2,108
49,3,108
49,4,108
49,5,108
49,6,108
49,7,108
49,2,110
49,3,110
49,4,110
49,5,110
49,6,110
49,7,110
49,6,114
49,7,114
49,0,115
49,1,115
49,2,115
49,3,115
49,4,117
49,5,117
49,6,117
49,7,117
49,6,121
49,7,121
49,0,122
49,1,122
49,4,124
49,5,124
49,6,124
49,7,124
49,6,128
49,7,128
49,2,131
49,3,131
49,4,131
49,5,131
49,6,131
49,7,131
49,0,135
49,1,135
49,2,135
49,3,135
49,2,138
49,3,138
49,4,138
49,5,138
49,6,138
49,7,138
49,0,142
49,1,142
49,2,142
49,3,142
49,4,142
49,5,142
49,2,145
49,3,145
49,4,145
49,5,145
49,0,149
49,1,149
49,2,149
49,3,149
49,4,149
49,5,149
49,2,150
49,3,150
49,4,150
49,5,150
49,6,150
49,7,150
49,6,151
49,7,151
49,0,152
49,1,152
49,4,152
49,5,152
49,0,156
49,1,156
49,2,156
49,3,156
49,4,156
49,5,156
49,6,156
49,7,156
49,0,157
49,1,157
49,2,157
49,3,157
49,4,157
49,5,157
49,6,157
49,7,157
49,0,158
49,1,158
49,2,158
49,3,158
49,4,158
49,5,158
49,6,158
49,7,158
49,2,159
49,3,159
49,2,164
49,3,164
49,4,164
49,5,164
49,0,165
49,1,165
49,2,165
49,3,165
49,4,165
49,5,165
49,6,165
49,7,165
50,0,30
50,1,30
50,2,30
50,3,30
50,4,30
50,5,30
50,0,31
50,1,31
50,2,31
50,3,31
50,4,31
50,5,31
50,6,31
50,7,31
50,0,32
50,1,32
50,6,36
50,7,36
50,0,37
50,1,37
50,2,37
50,3,37
50,4,37
50,5,37
50,6,37
50,7,37
50,0,38
50,1,38
50,2,38
50,3,38
50,4,38
50,5,38
50,6,38
50,7,38
50,0,39
50,1,39
50,0,44
50,1,44
50,2,44
50,3,44
50,0,45
50,1,45
50,0,51
50,1,51
50,2,51
50,3,51
50,2,58
50,3,58
50,4,58
50,5,58
50,2,65
50,3,65
50,4,65
50,5,65
50,4,72
50,5,72
50,4,79
50,5,79
50,6,79
50,7,79
50,2,86
50,3,86
50,4,86
50,5,86
50,6,86
50,7,86
50,0,88
50,1,88
50,2,88
50,3,88
50,4,88
50,5,88
50,6,88
50,7,88
50,0,89
50,1,89
50,4,93
50,5,93
50,6,93
50,7,93
50,4,94
50,5,94
50,6,94
50,7,94
50,0,95
50,1,95
50,2,95
50,3,95
50,4,95
50,5,95
50,6,95
50,7,95
50,0,96
50,1,96
50,2,96
50,3,96
50,4,100
50,5,100
50,6,100
50,7,100
50,0,101
50,1,101
50,2,101
50,3,101
50,4,101
50,5,101
50,6,101
50,7,101
50,0,102
50,1,102
50,2,102
50,3,102
50,0,103
50,1,103
50,2,103
50,3,103
50,4,103
50,5,103
50,6,107
50,7,107
50,0,108
50,1,108
50,2,108
50,3,108
50,4,108
50,5,108
50,2,110
50,3,110
50,4,110
50,5,110
50,6,110
50,7,110
50,4,114
50,5,114
50,6,114
50,7,114
50,0,115
50,1,115
50,4,117
50,5,117
50,6,117
50,7,117
50,0,118
50,1,118
50,4,121
50,5,121
50,6,121
50,7,121
50,0,122
50,1,122
50,4,124
50,5,124
50,6,124
50,7,124
50,0,125
50,1,125
50,6,128
50,7,128
50,4,131
50,5,131
50,6,131
50,7,131
50,0,135
50,1,135
50,4,138
50,5,138
50,6,138
50,7,138
50,2,142
50,3,142
50,0,145
50,1,145
50,2,145
50,3,145
50,4,145
50,5,145
50,2,149
50,3,149
50,4,149
50,5,149
50,6,149
50,7,149
50,0,150
50,1,150
50,2,150
50,3,150
50,6,150
50,7,150
50,2,151
50,3,151
50,0,152
50,1,152
50,2,152
50,3,152
50,0,156
50,1,156
50,2,156
50,3,156
50,4,156
50,5,156
50,6,156
50,7,156
50,0,157
50,1,157
50,2,157
50,3,157
50,4,157
50,5,157
50,6,157
50,7,157
50,0,158
50,1,158
50,2,158
50,3,158
50,4,158
50,5,158
50,6,158
50,7,158
50,0,159
50,1,159
50,2,163
50,3,163
50,4,163
50,5,163
50,6,163
50,7,163
50,2,164
50,3,164
50,4,164
50,5,164
50,6,164
50,7,164
50,0,165
50,1,165
50,6,165
50,7,165
51,2,30
51,3,30
51,6,30
51,7,30
51,4,31
51,5,31
51,6,31
51,7,31
51,0,32
51,1,32
51,0,37
51,1,37
51,2,37
51,3,37
51,4,37
51,5,37
51,6,37
51,7,37
51,0,38
51,1,38
51,2,38
51,3,38
51,4,38
51,5,38
51,0,39
51,1,39
51,0,44
51,1,44
51,2,44
51,3,44
51,4,44
51,5,44
51,6,44
51,7,44
51,4,45
51,5,45
51,0,51
51,1,51
51,2,51
51,3,51
51,4,51
51,5,51
51,0,58
51,1,58
51,2,58
51,3,58
51,4,58
51,5,58
51,2,65
51,3,65
51,4,65
51,5,65
51,4,72
51,5,72
51,6,72
51,7,72
51,2,79
51,3,79
51,4,79
51,5,79
51,6,79
51,7,79
51,4,86
51,5,86
51,6,86
51,7,86
51,0,87
51,1,87
51,0,88
51,1,88
51,4,88
51,5,88
51,6,88
51,7,88
51,0,89
51,1,89
51,4,93
51,5,93
51,6,93
51,7,93
51,6,94
51,7,94
51,0,95
51,1,95
51,2,95
51,3,95
51,4,95
51,5,95
51,6,95
51,7,95
51,0,96
51,1,96
51,2,96
51,3,96
51,4,100
51,5,100
51,6,100
51,7,100
51,0,101
51,1,101
51,2,101
51,3,101
51,4,101
51,5,101
51,6,101
51,7,101
51,0,102
51,1,102
51,0,103
51,1,103
51,2,103
51,3,103
51,4,103
51,5,103
51,4,107
51,5,107
51,6,107
51,7,107
51,0,108
51,1,108
51,2,108
51,3,108
51,4,108
51,5,108
51,2,110
51,3,110
51,4,110
51,5,110
51,6,110
51,7,110
51,6,114
51,7,114
51,0,115
51,1,115
51,4,117
51,5,117
51,6,117
51,7,117
51,4,121
51,5,121
51,6,121
51,7,121
51,0,122
51,1,122
51,4,124
51,5,124
51,6,124
51,7,124
51,6,128
51,7,128
51,4,131
51,5,131
51,6,131
51,7,131
51,2,135
51,3,135
51,2,138
51,3,138
51,4,138
51,5,138
51,6,138
51,7,138
51,0,142
51,1,142
51,2,142
51,3,142
51,0,145
51,1,145
51,2,145
51,3,145
51,4,145
51,5,145
51,2,149
51,3,149
51,4,149
51,5,149
51,6,149
51,7,149
51,2,151
51,3,151
51,4,151
51,5,151
51,0,152
51,1,152
51,2,152
51,3,152
51,4,152
51,5,152
51,0,156
51,1,156
51,2,156
51,3,156
51,4,156
51,5,156
51,6,156
51,7,156
51,0,157
51,1,157
51,2,157
51,3,157
51,4,157
51,5,157
51,6,157
51,7,157
51,0,158
51,1,158
51,2,158
51,3,158
51,4,158
51,5,158
51,6,158
51,7,158
51,0,159
51,1,159
51,2,159
51,3,159
51,2,163
51,3,163
51,4,163
51,5,163
51,6,163
51,7,163
51,0,164
51,1,164
51,2,164
51,3,164
51,6,164
51,7,164
51,2,165
51,3,165
51,4,165
51,5,165
52,0,30
52,1,30
52,2,30
52,3,30
52,4,30
52,5,30
52,2,31
52,3,31
52,4,31
52,5,31
52,6,31
52,7,31
52,0,32
52,1,32
52,0,37
52,1,37
52,4,37
52,5,37
52,6,37
52,7,37
52,0,38
52,1,38
52,2,38
52,3,38
52,4,38
52,5,38
52,6,38
52,7,38
52,2,39
52,3,39
52,6,43
52,7,43
52,0,44
52,1,44
52,2,44
52,3,44
52,4,44
52,5,44
52,0,45
52,1,45
52,0,51
52,1,51
52,2,51
52,3,51
52,2,58
52,3,58
52,4,58
52,5,58
52,0,65
52,1,65
52,2,65
52,3,65
52,4,65
52,5,65
52,2,72
52,3,72
52,4,72
52,5,72
52,2,79
52,3,79
52,4,79
52,5,79
52,4,86
52,5,86
52,6,86
52,7,86
52,0,88
52,1,88
52,2,88
52,3,88
52,4,88
52,5,88
52,6,88
52,7,88
52,0,89
52,1,89
52,4,93
52,5,93
52,6,93
52,7,93
52,0,94
52,1,94
52,4,94
52,5,94
52,6,94
52,7,94
52,0,95
52,1,95
52,2,95
52,3,95
52,4,95
52,5,95
52,6,95
52,7,95
52,0,96
52,1,96
52,2,96
52,3,96
52,4,96
52,5,96
52,4,100
52,5,100
52,6,100
52,7,100
52,2,101
52,3,101
52,4,101
52,5,101
52,6,101
52,7,101
52,0,102
52,1,102
52,2,102
52,3,102
52,0,103
52,1,103
52,2,103
52,3,103
52,4,103
52,5,103
52,6,107
52,7,107
52,0,108
52,1,108
52,2,108
52,3,108
52,4,108
52,5,108
52,4,110
52,5,110
52,6,110
52,7,110
52,6,114
52,7,114
52,0,115
52,1,115
52,4,117
52,5,117
52,6,117
52,7,117
52,6,121
52,7,121
52,0,122
52,1,122
52,2,122
52,3,122
52,4,124
52,5,124
52,6,124
52,7,124
52,6,128
52,7,128
52,0,129
52,1,129
52,4,131
52,5,131
52,6,131
52,7,131
52,0,135
52,1,135
52,2,135
52,3,135
52,4,138
52,5,138
52,6,138
52,7,138
52,0,142
52,1,142
52,2,142
52,3,142
52,0,145
52,1,145
52,2,145
52,3,145
52,4,145
52,5,145
52,6,145
52,7,145
52,0,149
52,1,149
52,2,149
52,3,149
52,4,149
52,5,149
52,2,151
52,3,151
52,6,151
52,7,151
52,0,152
52,1,152
52,2,152
52,3,152
52,2,156
52,3,156
52,4,156
52,5,156
52,6,156
52,7,156
52,0,157
52,1,157
52,2,157
52,3,157
52,4,157
52,5,157
52,6,157
52,7,157
52,0,158
52,1,158
52,2,158
52,3,158
52,4,158
52,5,158
52,6,158
52,7,158
52,0,159
52,1,159
52,4,163
52,5,163
52,6,163
52,7,163
52,0,164
52,1,164
52,4,164
52,5,164
52,6,164
52,7,164
52,4,165
52,5,165
52,6,165
52,7,165
53,0,30
53,1,30
53,2,30
53,3,30
53,4,30
53,5,30
53,2,31
53,3,31
53,4,31
53,5,31
53,6,31
53,7,31
53,0,32
53,1,32
53,2,32
53,3,32
53,0,37
53,1,37
53,2,37
53,3,37
53,4,37
53,5,37
53,6,37
53,7,37
53,0,38
53,1,38
53,2,38
53,3,38
53,4,38
53,5,38
53,6,38
53,7,38
53,0,39
53,1,39
53,6,43
53,7,43
53,0,44
53,1,44
53,2,44
53,3,44
53,0,51
53,1,51
53,2,51
53,3,51
53,2,58
53,3,58
53,4,58
53,5,58
53,2,65
53,3,65
53,4,65
53,5,65
53,4,72
53,5,72
53,6,72
53,7,72
53,2,79
53,3,79
53,4,79
53,5,79
53,6,79
53,7,79
53,4,86
53,5,86
53,6,86
53,7,86
53,2,88
53,3,88
53,4,88
53,5,88
53,6,88
53,7,88
53,0,89
53,1,89
53,4,93
53,5,93
53,6,93
53,7,93
53,0,94
53,1,94
53,6,94
53,7,94
53,0,95
53,1,95
53,2,95
53,3,95
53,4,95
53,5,95
53,6,95
53,7,95
53,0,96
53,1,96
53,2,96
53,3,96
53,4,96
53,5,96
53,4,100
53,5,100
53,6,100
53,7,100
53,0,101
53,1,101
53,2,101
53,3,101
53,4,101
53,5,101
53,6,101
53,7,101
53,0,102
53,1,102
53,4,102
53,5,102
53,6,102
53,7,102
53,0,103
53,1,103
53,2,103
53,3,103
53,4,103
53,5,103
53,6,107
53,7,107
53,0,108
53,1,108
53,2,108
53,3,108
53,2,110
53,3,110
53,4,110
53,5,110
53,6,114
53,7,114
53,0,115
53,1,115
53,4,117
53,5,117
53,6,117
53,7,117
53,6,121
53,7,121
53,0,122
53,1,122
53,2,122
53,3,122
53,4,124
53,5,124
53,6,124
53,7,124
53,4,131
53,5,131
53,6,131
53,7,131
53,6,135
53,7,135
53,2,138
53,3,138
53,4,138
53,5,138
53,6,138
53,7,138
53,2,142
53,3,142
53,0,145
53,1,145
53,2,145
53,3,145
53,4,145
53,5,145
53,6,145
53,7,145
53,2,149
53,3,149
53,4,149
53,5,149
53,6,149
53,7,149
53,2,150
53,3,150
53,6,150
53,7,150
53,0,151
53,1,151
53,6,151
53,7,151
53,0,152
53,1,152
53,2,152
53,3,152
53,2,156
53,3,156
53,4,156
53,5,156
53,6,156
53,7,156
53,0,157
53,1,157
53,2,157
53,3,157
53,4,157
53,5,157
53,6,157
53,7,157
53,0,158
53,1,158
53,2,158
53,3,158
53,4,158
53,5,158
53,6,158
53,7,158
53,0,159
53,1,159
53,0,164
53,1,164
53,2,164
53,3,164
53,6,164
53,7,164
53,4,165
53,5,165
53,6,165
53,7,165
54,0,30
54,1,30
54,2,30
54,3,30
54,4,30
54,5,30
54,0,31
54,1,31
54,4,31
54,5,31
54,6,31
54,7,31
54,0,32
54,1,32
54,2,32
54,3,32
54,6,36
54,7,36
54,0,37
54,1,37
54,2,37
54,3,37
54,4,37
54,5,37
54,6,37
54,7,37
54,0,38
54,1,38
54,2,38
54,3,38
54,4,38
54,5,38
54,6,38
54,7,38
54,2,39
54,3,39
54,0,44
54,1,44
54,2,44
54,3,44
54,6,44
54,7,44
54,0,51
54,1,51
54,2,51
54,3,51
54,0,58
54,1,58
54,2,58
54,3,58
54,2,65
54,3,65
54,4,65
54,5,65
54,4,72
54,5,72
54,4,79
54,5,79
54,4,86
54,5,86
54,6,86
54,7,86
54,2,88
54,3,88
54,4,88
54,5,88
54,6,88
54,7,88
54,0,89
54,1,89
54,2,89
54,3,89
54,4,93
54,5,93
54,6,93
54,7,93
54,0,94
54,1,94
54,4,94
54,5,94
54,0,95
54,1,95
54,2,95
54,3,95
54,4,95
54,5,95
54,6,95
54,7,95
54,0,96
54,1,96
54,2,96
54,3,96
54,4,100
54,5,100
54,6,100
54,7,100
54,0,101
54,1,101
54,2,101
54,3,101
54,4,101
54,5,101
54,6,101
54,7,101
54,0,102
54,1,102
54,4,102
54,5,102
54,0,103
54,1,103
54,2,103
54,3,103
54,4,103
54,5,103
54,4,107
54,5,107
54,6,107
54,7,107
54,0,108
54,1,108
54,2,108
54,3,108
54,4,108
54,5,108
54,2,110
54,3,110
54,4,110
54,5,110
54,6,110
54,7,110
54,6,114
54,7,114
54,0,115
54,1,115
54,4,117
54,5,117
54,6,117
54,7,117
54,4,121
54,5,121
54,6,121
54,7,121
54,0,122
54,1,122
54,4,124
54,5,124
54,6,124
54,7,124
54,4,128
54,5,128
54,6,128
54,7,128
54,2,131
54,3,131
54,4,131
54,5,131
54,6,131
54,7,131
54,2,135
54,3,135
54,4,138
54,5,138
54,6,138
54,7,138
54,2,142
54,3,142
54,0,145
54,1,145
54,2,145
54,3,145
54,4,145
54,5,145
54,2,149
54,3,149
54,6,149
54,7,149
54,2,150
54,3,150
54,6,150
54,7,150
54,6,151
54,7,151
54,0,152
54,1,152
54,2,152
54,3,152
54,4,152
54,5,152
54,0,156
54,1,156
54,2,156
54,3,156
54,4,156
54,5,156
54,6,156
54,7,156
54,0,157
54,1,157
54,2,157
54,3,157
54,4,157
54,5,157
54,6,157
54,7,157
54,0,158
54,1,158
54,2,158
54,3,158
54,4,158
54,5,158
54,6,158
54,7,158
54,0,159
54,1,159
54,2,159
54,3,159
54,6,163
54,7,163
54,0,164
54,1,164
54,6,164
54,7,164
54,0,165
54,1,165
54,6,165
54,7,165
55,0,30
55,1,30
55,2,30
55,3,30
55,2,31
55,3,31
55,4,31
55,5,31
55,6,31
55,7,31
55,0,32
55,1,32
55,2,32
55,3,32
55,0,37
55,1,37
55,2,37
55,3,37
55,4,37
55,5,37
55,6,37
55,7,37
55,0,38
55,1,38
55,2,38
55,3,38
55,4,38
55,5,38
55,0,44
55,1,44
55,2,44
55,3,44
55,0,51
55,1,51
55,2,51
55,3,51
55,0,58
55,1,58
55,2,58
55,3,58
55,4,58
55,5,58
55,2,65
55,3,65
55,4,65
55,5,65
55,2,72
55,3,72
55,4,72
55,5,72
55,6,72
55,7,72
55,2,79
55,3,79
55,4,79
55,5,79
55,6,79
55,7,79
55,4,86
55,5,86
55,6,86
55,7,86
55,2,88
55,3,88
55,4,88
55,5,88
55,6,88
55,7,88
55,0,89
55,1,89
55,4,93
55,5,93
55,6,93
55,7,93
55,4,94
55,5,94
55,6,94
55,7,94
55,0,95
55,1,95
55,2,95
55,3,95
55,4,95
55,5,95
55,6,95
55,7,95
55,0,96
55,1,96
55,2,96
55,3,96
55,4,100
55,5,100
55,6,100
55,7,100
55,0,101
55,1,101
55,2,101
55,3,101
55,4,101
55,5,101
55,6,101
55,7,101
55,0,102
55,1,102
55,2,102
55,3,102
55,0,103
55,1,103
55,2,103
55,3,103
55,4,103
55,5,103
55,6,107
55,7,107
55,0,108
55,1,108
55,2,108
55,3,108
55,4,108
55,5,108
55,0,109
55,1,109
55,4,110
55,5,110
55,6,110
55,7,110
55,6,114
55,7,114
55,0,115
55,1,115
55,4,117
55,5,117
55,6,117
55,7,117
55,4,121
55,5,121
55,6,121
55,7,121
55,0,122
55,1,122
55,2,122
55,3,122
55,4,124
55,5,124
55,6,124
55,7,124
55,0,125
55,1,125
55,6,128
55,7,128
55,0,129
55,1,129
55,4,131
55,5,131
55,6,131
55,7,131
55,2,138
55,3,138
55,4,138
55,5,138
55,6,138
55,7,138
55,2,142
55,3,142
55,2,145
55,3,145
55,4,145
55,5,145
55,6,145
55,7,145
55,2,149
55,3,149
55,4,149
55,5,149
55,6,149
55,7,149
55,0,150
55,1,150
55,6,150
55,7,150
55,2,151
55,3,151
55,6,151
55,7,151
55,0,152
55,1,152
55,2,152
55,3,152
55,2,156
55,3,156
55,4,156
55,5,156
55,6,156
55,7,156
55,0,157
55,1,157
55,2,157
55,3,157
55,4,157
55,5,157
55,6,157
55,7,157
55,0,158
55,1,158
55,2,158
55,3,158
55,4,158
55,5,158
55,6,158
55,7,158
55,0,159
55,1,159
55,2,159
55,3,159
55,4,163
55,5,163
55,6,163
55,7,163
55,2,164
55,3,164
55,4,164
55,5,164
55,6,164
55,7,164
55,2,165
55,3,165
55,0,166
55,1,166
56,0,30
56,1,30
56,2,30
56,3,30
56,4,30
56,5,30
56,6,30
56,7,30
56,2,31
56,3,31
56,4,31
56,5,31
56,6,31
56,7,31
56,0,32
56,1,32
56,6,36
56,7,36
56,0,37
56,1,37
56,2,37
56,3,37
56,4,37
56,5,37
56,6,37
56,7,37
56,0,38
56,1,38
56,2,38
56,3,38
56,4,38
56,5,38
56,6,38
56,7,38
56,0,39
56,1,39
56,6,43
56,7,43
56,0,44
56,1,44
56,2,44
56,3,44
56,6,44
56,7,44
56,2,45
56,3,45
56,4,45
56,5,45
56,0,51
56,1,51
56,2,51
56,3,51
56,0,58
56,1,58
56,2,58
56,3,58
56,4,58
56,5,58
56,2,65
56,3,65
56,4,65
56,5,65
56,4,72
56,5,72
56,4,79
56,5,79
56,4,86
56,5,86
56,6,86
56,7,86
56,2,88
56,3,88
56,4,88
56,5,88
56,6,88
56,7,88
56,0,89
56,1,89
56,4,93
56,5,93
56,6,93
56,7,93
56,0,94
56,1,94
56,4,94
56,5,94
56,6,94
56,7,94
56,0,95
56,1,95
56,2,95
56,3,95
56,4,95
56,5,95
56,6,95
56,7,95
56,0,96
56,1,96
56,2,96
56,3,96
56,4,100
56,5,100
56,6,100
56,7,100
56,0,101
56,1,101
56,2,101
56,3,101
56,4,101
56,5,101
56,6,101
56,7,101
56,0,102
56,1,102
56,2,102
56,3,102
56,6,102
56,7,102
56,0,103
56,1,103
56,2,103
56,3,103
56,6,107
56,7,107
56,0,108
56,1,108
56,2,108
56,3,108
56,4,108
56,5,108
56,6,108
56,7,108
56,4,110
56,5,110
56,6,110
56,7,110
56,4,114
56,5,114
56,6,114
56,7,114
56,0,115
56,1,115
56,2,115
56,3,115
56,4,117
56,5,117
56,6,117
56,7,117
56,4,121
56,5,121
56,6,121
56,7,121
56,0,122
56,1,122
56,4,124
56,5,124
56,6,124
56,7,124
56,0,125
56,1,125
56,6,128
56,7,128
56,0,129
56,1,129
56,2,131
56,3,131
56,4,131
56,5,131
56,6,131
56,7,131
56,2,135
56,3,135
56,4,138
56,5,138
56,6,138
56,7,138
56,2,142
56,3,142
56,0,145
56,1,145
56,2,145
56,3,145
56,4,145
56,5,145
56,6,145
56,7,145
56,0,149
56,1,149
56,2,149
56,3,149
56,4,149
56,5,149
56,6,149
56,7,149
56,6,151
56,7,151
56,0,152
56,1,152
56,2,152
56,3,152
56,4,152
56,5,152
56,2,156
56,3,156
56,4,156
56,5,156
56,6,156
56,7,156
56,0,157
56,1,157
56,2,157
56,3,157
56,4,157
56,5,157
56,6,157
56,7,157
56,0,158
56,1,158
56,2,158
56,3,158
56,4,158
56,5,158
56,6,158
56,7,158
56,0,159
56,1,159
56,2,159
56,3,159
56,2,163
56,3,163
56,4,163
56,5,163
56,0,164
56,1,164
56,4,164
56,5,164
56,6,164
56,7,164
56,0,165
56,1,165
57,0,30
57,1,30
57,2,30
57,3,30
57,4,30
57,5,30
57,6,30
57,7,30
57,0,31
57,1,31
57,2,31
57,3,31
57,4,31
57,5,31
57,6,31
57,7,31
57,0,32
57,1,32
57,2,32
57,3,32
57,6,36
57,7,36
57,0,37
57,1,37
57,2,37
57,3,37
57,4,37
57,5,37
57,6,37
57,7,37
57,0,38
57,1,38
57,2,38
57,3,38
57,4,38
57,5,38
57,0,39
57,1,39
57,0,44
57,1,44
57,2,44
57,3,44
57,6,44
57,7,44
57,4,45
57,5,45
57,0,51
57,1,51
57,2,51
57,3,51
57,4,51
57,5,51
57,0,58
57,1,58
57,2,58
57,3,58
57,2,65
57,3,65
57,4,65
57,5,65
57,6,65
57,7,65
57,2,72
57,3,72
57,4,72
57,5,72
57,2,79
57,3,79
57,4,79
57,5,79
57,6,79
57,7,79
57,4,86
57,5,86
57,6,86
57,7,86
57,4,88
57,5,88
57,6,88
57,7,88
57,0,89
57,1,89
57,4,93
57,5,93
57,6,93
57,7,93
57,6,94
57,7,94
57,0,95
57,1,95
57,2,95
57,3,95
57,4,95
57,5,95
57,6,95
57,7,95
57,0,96
57,1,96
57,2,96
57,3,96
57,4,100
57,5,100
57,6,100
57,7,100
57,0,101
57,1,101
57,2,101
57,3,101
57,4,101
57,5,101
57,6,101
57,7,101
57,0,102
57,1,102
57,4,102
57,5,102
57,0,103
57,1,103
57,2,103
57,3,103
57,4,103
57,5,103
57,6,107
57,7,107
57,0,108
57,1,108
57,2,108
57,3,108
57,4,108
57,5,108
57,6,108
57,7,108
57,0,109
57,1,109
57,2,110
57,3,110
57,4,110
57,5,110
57,6,114
57,7,114
57,0,115
57,1,115
57,2,115
57,3,115
57,4,117
57,5,117
57,6,117
57,7,117
57,6,121
57,7,121
57,0,122
57,1,122
57,4,124
57,5,124
57,6,124
57,7,124
57,6,128
57,7,128
57,4,131
57,5,131
57,6,131
57,7,131
57,2,135
57,3,135
57,2,138
57,3,138
57,4,138
57,5,138
57,2,142
57,3,142
57,2,145
57,3,145
57,4,145
57,5,145
57,6,145
57,7,145
57,2,149
57,3,149
57,4,149
57,5,149
57,6,149
57,7,149
57,2,150
57,3,150
57,6,150
57,7,150
57,4,151
57,5,151
57,6,151
57,7,151
57,0,152
57,1,152
57,2,152
57,3,152
57,0,156
57,1,156
57,2,156
57,3,156
57,4,156
57,5,156
57,6,156
57,7,156
57,0,157
57,1,157
57,2,157
57,3,157
57,4,157
57,5,157
57,6,157
57,7,157
57,0,158
57,1,158
57,2,158
57,3,158
57,4,158
57,5,158
57,6,158
57,7,158
57,0,159
57,1,159
57,2,159
57,3,159
57,6,163
57,7,163
57,0,164
57,1,164
57,6,164
57,7,164
57,0,165
57,1,165
57,2,165
57,3,165
57,4,165
57,5,165
57,6,165
57,7,165
58,2,30
58,3,30
58,4,30
58,5,30
58,6,30
58,7,30
58,4,31
58,5,31
58,6,31
58,7,31
58,0,32
58,1,32
58,6,36
58,7,36
58,0,37
58,1,37
58,2,37
58,3,37
58,4,37
58,5,37
58,6,37
58,7,37
58,0,38
58,1,38
58,2,38
58,3,38
58,4,38
58,5,38
58,6,43
58,7,43
58,0,44
58,1,44
58,4,44
58,5,44
58,6,44
58,7,44
58,0,45
58,1,45
58,0,51
58,1,51
58,2,51
58,3,51
58,0,58
58,1,58
58,2,58
58,3,58
58,4,58
58,5,58
58,0,65
58,1,65
58,2,65
58,3,65
58,4,65
58,5,65
58,2,72
58,3,72
58,4,72
58,5,72
58,2,79
58,3,79
58,4,79
58,5,79
58,6,79
58,7,79
58,2,86
58,3,86
58,4,86
58,5,86
58,6,86
58,7,86
58,2,88
58,3,88
58,4,88
58,5,88
58,6,88
58,7,88
58,0,89
58,1,89
58,2,89
58,3,89
58,4,93
58,5,93
58,6,93
58,7,93
58,6,94
58,7,94
58,0,95
58,1,95
58,2,95
58,3,95
58,4,95
58,5,95
58,6,95
58,7,95
58,0,96
58,1,96
58,2,96
58,3,96
58,4,100
58,5,100
58,6,100
58,7,100
58,0,101
58,1,101
58,4,101
58,5,101
58,6,101
58,7,101
58,0,102
58,1,102
58,4,102
58,5,102
58,2,103
58,3,103
58,4,103
58,5,103
58,4,107
58,5,107
58,6,107
58,7,107
58,0,108
58,1,108
58,2,108
58,3,108
58,4,108
58,5,108
58,4,110
58,5,110
58,6,114
58,7,114
58,0,115
58,1,115
58,2,115
58,3,115
58,4,117
58,5,117
58,6,117
58,7,117
58,4,121
58,5,121
58,6,121
58,7,121
58,0,122
58,1,122
58,4,124
58,5,124
58,6,124
58,7,124
58,4,128
58,5,128
58,6,128
58,7,128
58,0,129
58,1,129
58,4,131
58,5,131
58,6,131
58,7,131
58,2,135
58,3,135
58,2,138
58,3,138
58,4,138
58,5,138
58,6,138
58,7,138
58,2,142
58,3,142
58,4,142
58,5,142
58,2,145
58,3,145
58,4,145
58,5,145
58,0,149
58,1,149
58,2,149
58,3,149
58,4,149
58,5,149
58,6,149
58,7,149
58,0,150
58,1,150
58,2,151
58,3,151
58,4,151
58,5,151
58,6,151
58,7,151
58,0,152
58,1,152
58,2,152
58,3,152
58,4,152
58,5,152
58,2,156
58,3,156
58,4,156
58,5,156
58,6,156
58,7,156
58,0,157
58,1,157
58,2,157
58,3,157
58,4,157
58,5,157
58,6,157
58,7,157
58,0,158
58,1,158
58,2,158
58,3,158
58,4,158
58,5,158
58,6,158
58,7,158
58,0,159
58,1,159
58,2,159
58,3,159
58,4,163
58,5,163
58,6,164
58,7,164
58,0,165
58,1,165
58,2,165
58,3,165
59,0,30
59,1,30
59,2,30
59,3,30
59,4,30
59,5,30
59,6,30
59,7,30
59,0,31
59,1,31
59,2,31
59,3,31
59,4,31
59,5,31
59,6,31
59,7,31
59,0,32
59,1,32
59,6,36
59,7,36
59,0,37
59,1,37
59,2,37
59,3,37
59,4,37
59,5,37
59,6,37
59,7,37
59,0,38
59,1,38
59,2,38
59,3,38
59,4,38
59,5,38
59,6,38
59,7,38
59,0,39
59,1,39
59,0,44
59,1,44
59,2,44
59,3,44
59,0,51
59,1,51
59,2,51
59,3,51
59,0,58
59,1,58
59,2,58
59,3,58
59,4,58
59,5,58
59,0,65
59,1,65
59,2,65
59,3,65
59,4,65
59,5,65
59,6,65
59,7,65
59,2,72
59,3,72
59,4,72
59,5,72
59,6,72
59,7,72
59,4,79
59,5,79
59,6,79
59,7,79
59,4,86
59,5,86
59,6,86
59,7,86
59,0,87
59,1,87
59,2,88
59,3,88
59,4,88
59,5,88
59,6,88
59,7,88
59,0,89
59,1,89
59,4,93
59,5,93
59,6,93
59,7,93
59,2,94
59,3,94
59,4,94
59,5,94
59,6,94
59,7,94
59,0,95
59,1,95
59,2,95
59,3,95
59,4,95
59,5,95
59,6,95
59,7,95
59,0,96
59,1,96
59,6,100
59,7,100
59,0,101
59,1,101
59,2,101
59,3,101
59,4,101
59,5,101
59,6,101
59,7,101
59,0,102
59,1,102
59,2,102
59,3,102
59,4,102
59,5,102
59,0,103
59,1,103
59,2,103
59,3,103
59,4,103
59,5,103
59,4,107
59,5,107
59,6,107
59,7,107
59,0,108
59,1,108
59,2,108
59,3,108
59,4,108
59,5,108
59,6,108
59,7,108
59,4,110
59,5,110
59,6,110
59,7,110
59,4,114
59,5,114
59,6,114
59,7,114
59,0,115
59,1,115
59,2,115
59,3,115
59,4,117
59,5,117
59,6,117
59,7,117
59,4,121
59,5,121
59,6,121
59,7,121
59,0,122
59,1,122
59,2,122
59,3,122
59,4,124
59,5,124
59,6,124
59,7,124
59,0,125
59,1,125
59,0,129
59,1,129
59,4,131
59,5,131
59,6,131
59,7,131
59,2,135
59,3,135
59,2,138
59,3,138
59,4,138
59,5,138
59,6,138
59,7,138
59,2,142
59,3,142
59,0,145
59,1,145
59,2,145
59,3,145
59,4,145
59,5,145
59,0,149
59,1,149
59,2,149
59,3,149
59,4,149
59,5,149
59,6,151
59,7,151
59,0,152
59,1,152
59,2,152
59,3,152
59,2,156
59,3,156
59,4,156
59,5,156
59,6,156
59,7,156
59,0,157
59,1,157
59,2,157
59,3,157
59,4,157
59,5,157
59,6,157
59,7,157
59,0,158
59,1,158
59,2,158
59,3,158
59,4,158
59,5,158
59,6,158
59,7,158
59,0,159
59,1,159
59,2,159
59,3,159
59,2,163
59,3,163
59,4,163
59,5,163
59,0,164
59,1,164
59,2,164
59,3,164
59,6,164
59,7,164
59,2,165
59,3,165
59,4,165
59,5,165
59,6,165
59,7,165
60,0,30
60,1,30
60,2,30
60,3,30
60,4,30
60,5,30
60,2,31
60,3,31
60,4,31
60,5,31
60,6,31
60,7,31
60,0,32
60,1,32
60,0,37
60,1,37
60,2,37
60,3,37
60,4,37
60,5,37
60,6,37
60,7,37
60,0,38
60,1,38
60,2,38
60,3,38
60,4,38
60,5,38
60,0,44
60,1,44
60,2,44
60,3,44
60,6,44
60,7,44
60,0,45
60,1,45
60,2,45
60,3,45
60,0,51
60,1,51
60,2,51
60,3,51
60,4,51
60,5,51
60,0,58
60,1,58
60,2,58
60,3,58
60,4,58
60,5,58
60,2,65
60,3,65
60,4,65
60,5,65
60,2,72
60,3,72
60,4,72
60,5,72
60,6,72
60,7,72
60,2,79
60,3,79
60,4,79
60,5,79
60,6,79
60,7,79
60,4,86
60,5,86
60,6,86
60,7,86
60,0,87
60,1,87
60,0,88
60,1,88
60,4,88
60,5,88
60,6,88
60,7,88
60,0,89
60,1,89
60,4,93
60,5,93
60,6,93
60,7,93
60,4,94
60,5,94
60,6,94
60,7,94
60,0,95
60,1,95
60,2,95
60,3,95
60,4,95
60,5,95
60,6,95
60,7,95
60,0,96
60,1,96
60,2,96
60,3,96
60,6,100
60,7,100
60,0,101
60,1,101
60,2,101
60,3,101
60,4,101
60,5,101
60,6,101
60,7,101
60,0,102
60,1,102
60,0,103
60,1,103
60,2,103
60,3,103
60,4,103
60,5,103
60,6,107
60,7,107
60,0,108
60,1,108
60,2,108
60,3,108
60,4,108
60,5,108
60,2,110
60,3,110
60,4,110
60,5,110
60,6,110
60,7,110
60,4,114
60,5,114
60,6,114
60,7,114
60,0,115
60,1,115
60,2,115
60,3,115
60,4,117
60,5,117
60,6,117
60,7,117
60,6,121
60,7,121
60,0,122
60,1,122
60,4,124
60,5,124
60,6,124
60,7,124
60,4,128
60,5,128
60,6,128
60,7,128
60,0,129
60,1,129
60,4,131
60,5,131
60,6,131
60,7,131
60,2,135
60,3,135
60,2,138
60,3,138
60,4,138
60,5,138
60,6,138
60,7,138
60,2,142
60,3,142
60,0,145
60,1,145
60,2,145
60,3,145
60,4,145
60,5,145
60,0,149
60,1,149
60,2,149
60,3,149
60,4,149
60,5,149
60,6,149
60,7,149
60,2,150
60,3,150
60,0,151
60,1,151
60,2,151
60,3,151
60,4,151
60,5,151
60,0,152
60,1,152
60,2,152
60,3,152
60,4,152
60,5,152
60,2,156
60,3,156
60,4,156
60,5,156
60,6,156
60,7,156
60,0,157
60,1,157
60,2,157
60,3,157
60,4,157
60,5,157
60,6,157
60,7,157
60,0,158
60,1,158
60,2,158
60,3,158
60,4,158
60,5,158
60,6,158
60,7,158
60,0,159
60,1,159
60,2,163
60,3,163
60,4,163
60,5,163
60,0,164
60,1,164
60,2,164
60,3,164
60,4,164
60,5,164
60,0,165
60,1,165
60,2,165
60,3,165
61,0,30
61,1,30
61,2,30
61,3,30
61,4,30
61,5,30
61,0,31
61,1,31
61,2,31
61,3,31
61,4,31
61,5,31
61,6,31
61,7,31
61,0,32
61,1,32
61,2,32
61,3,32
61,0,37
61,1,37
61,2,37
61,3,37
61,4,37
61,5,37
61,6,37
61,7,37
61,0,38
61,1,38
61,2,38
61,3,38
61,4,38
61,5,38
61,6,38
61,7,38
61,0,44
61,1,44
61,2,44
61,3,44
61,0,51
61,1,51
61,2,51
61,3,51
61,0,58
61,1,58
61,2,58
61,3,58
61,4,58
61,5,58
61,2,65
61,3,65
61,4,65
61,5,65
61,2,72
61,3,72
61,4,72
61,5,72
61,2,79
61,3,79
61,4,79
61,5,79
61,6,79
61,7,79
61,4,86
61,5,86
61,6,86
61,7,86
61,2,88
61,3,88
61,4,88
61,5,88
61,6,88
61,7,88
61,0,89
61,1,89
61,4,93
61,5,93
61,6,93
61,7,93
61,0,94
61,1,94
61,4,94
61,5,94
61,6,94
61,7,94
61,0,95
61,1,95
61,2,95
61,3,95
61,4,95
61,5,95
61,6,95
61,7,95
61,0,96
61,1,96
61,2,96
61,3,96
61,4,96
61,5,96
61,4,100
61,5,100
61,6,100
61,7,100
61,0,101
61,1,101
61,2,101
61,3,101
61,4,101
61,5,101
61,6,101
61,7,101
61,0,102
61,1,102
61,6,102
61,7,102
61,0,103
61,1,103
61,2,103
61,3,103
61,6,107
61,7,107
61,0,108
61,1,108
61,2,108
61,3,108
61,4,108
61,5,108
61,6,108
61,7,108
61,0,109
61,1,109
61,4,110
61,5,110
61,6,110
61,7,110
61,6,114
61,7,114
61,0,115
61,1,115
61,4,117
61,5,117
61,6,117
61,7,117
61,4,121
61,5,121
61,6,121
61,7,121
61,0,122
61,1,122
61,4,124
61,5,124
61,6,124
61,7,124
61,6,128
61,7,128
61,4,131
61,5,131
61,6,131
61,7,131
61,2,135
61,3,135
61,4,138
61,5,138
61,6,138
61,7,138
61,2,142
61,3,142
61,0,145
61,1,145
61,2,145
61,3,145
61,4,145
61,5,145
61,0,149
61,1,149
61,2,149
61,3,149
61,4,149
61,5,149
61,6,149
61,7,149
61,2,151
61,3,151
61,6,151
61,7,151
61,0,152
61,1,152
61,2,152
61,3,152
61,4,152
61,5,152
61,2,156
61,3,156
61,4,156
61,5,156
61,6,156
61,7,156
61,0,157
61,1,157
61,2,157
61,3,157
61,4,157
61,5,157
61,6,157
61,7,157
61,0,158
61,1,158
61,2,158
61,3,158
61,4,158
61,5,158
61,6,158
61,7,158
61,0,159
61,1,159
61,2,159
61,3,159
61,6,163
61,7,163
61,2,164
61,3,164
61,6,164
61,7,164
61,2,165
61,3,165
61,6,165
61,7,165
61,0,166
61,1,166
62,6,29
62,7,29
62,0,30
62,1,30
62,2,30
62,3,30
62,6,30
62,7,30
62,2,31
62,3,31
62,4,31
62,5,31
62,6,31
62,7,31
62,0,32
62,1,32
62,0,37
62,1,37
62,2,37
62,3,37
62,4,37
62,5,37
62,6,37
62,7,37
62,0,38
62,1,38
62,2,38
62,3,38
62,4,38
62,5,38
62,0,44
62,1,44
62,2,44
62,3,44
62,4,44
62,5,44
62,0,45
62,1,45
62,0,51
62,1,51
62,2,51
62,3,51
62,4,51
62,5,51
62,0,58
62,1,58
62,2,58
62,3,58
62,4,58
62,5,58
62,2,65
62,3,65
62,4,65
62,5,65
62,6,65
62,7,65
62,2,72
62,3,72
62,4,72
62,5,72
62,6,72
62,7,72
62,2,79
62,3,79
62,4,79
62,5,79
62,4,86
62,5,86
62,6,86
62,7,86
62,4,88
62,5,88
62,6,88
62,7,88
62,0,89
62,1,89
62,4,93
62,5,93
62,6,93
62,7,93
62,0,94
62,1,94
62,6,94
62,7,94
62,0,95
62,1,95
62,2,95
62,3,95
62,4,95
62,5,95
62,6,95
62,7,95
62,0,96
62,1,96
62,2,96
62,3,96
62,4,100
62,5,100
62,6,100
62,7,100
62,0,101
62,1,101
62,2,101
62,3,101
62,4,101
62,5,101
62,6,101
62,7,101
62,0,102
62,1,102
62,4,102
62,5,102
62,0,103
62,1,103
62,2,103
62,3,103
62,4,103
62,5,103
62,6,107
62,7,107
62,0,108
62,1,108
62,2,108
62,3,108
62,4,108
62,5,108
62,6,108
62,7,108
62,2,110
62,3,110
62,4,110
62,5,110
62,6,110
62,7,110
62,6,114
62,7,114
62,0,115
62,1,115
62,2,115
62,3,115
62,4,117
62,5,117
62,6,117
62,7,117
62,0,118
62,1,118
62,6,121
62,7,121
62,0,122
62,1,122
62,2,122
62,3,122
62,4,124
62,5,124
62,0,125
62,1,125
62,6,128
62,7,128
62,4,131
62,5,131
62,6,131
62,7,131
62,2,138
62,3,138
62,4,138
62,5,138
62,6,138
62,7,138
62,0,142
62,1,142
62,2,142
62,3,142
62,4,142
62,5,142
62,0,145
62,1,145
62,2,145
62,3,145
62,4,145
62,5,145
62,6,145
62,7,145
62,2,149
62,3,149
62,4,149
62,5,149
62,4,150
62,5,150
62,2,151
62,3,151
62,6,151
62,7,151
62,0,152
62,1,152
62,2,152
62,3,152
62,4,152
62,5,152
62,2,156
62,3,156
62,4,156
62,5,156
62,6,156
62,7,156
62,0,157
62,1,157
62,2,157
62,3,157
62,4,157
62,5,157
62,6,157
62,7,157
62,0,158
62,1,158
62,2,158
62,3,158
62,4,158
62,5,158
62,6,158
62,7,158
62,0,159
62,1,159
62,2,159
62,3,159
62,2,163
62,3,163
62,2,164
62,3,164
62,4,164
62,5,164
62,6,164
62,7,164
62,4,165
62,5,165
62,6,165
62,7,165
63,0,30
63,1,30
63,2,30
63,3,30
63,4,31
63,5,31
63,6,31
63,7,31
63,0,32
63,1,32
63,6,36
63,7,36
63,0,37
63,1,37
63,2,37
63,3,37
63,4,37
63,5,37
63,6,37
63,7,37
63,0,38
63,1,38
63,2,38
63,3,38
63,4,38
63,5,38
63,0,39
63,1,39
63,0,44
63,1,44
63,2,44
63,3,44
63,0,45
63,1,45
63,4,45
63,5,45
63,0,51
63,1,51
63,2,51
63,3,51
63,0,58
63,1,58
63,2,58
63,3,58
63,4,58
63,5,58
63,2,65
63,3,65
63,4,65
63,5,65
63,6,65
63,7,65
63,4,72
63,5,72
63,2,79
63,3,79
63,4,79
63,5,79
63,4,86
63,5,86
63,6,86
63,7,86
63,0,87
63,1,87
63,2,88
63,3,88
63,4,88
63,5,88
63,6,88
63,7,88
63,0,89
63,1,89
63,2,89
63,3,89
63,4,93
63,5,93
63,6,93
63,7,93
63,0,95
63,1,95
63,2,95
63,3,95
63,4,95
63,5,95
63,6,95
63,7,95
63,0,96
63,1,96
63,2,96
63,3,96
63,4,100
63,5,100
63,6,100
63,7,100
63,0,101
63,1,101
63,2,101
63,3,101
63,4,101
63,5,101
63,6,101
63,7,101
63,0,102
63,1,102
63,2,102
63,3,102
63,0,103
63,1,103
63,2,103
63,3,103
63,4,103
63,5,103
63,6,107
63,7,107
63,0,108
63,1,108
63,2,108
63,3,108
63,4,108
63,5,108
63,6,108
63,7,108
63,0,109
63,1,109
63,2,110
63,3,110
63,4,110
63,5,110
63,6,110
63,7,110
63,6,114
63,7,114
63,0,115
63,1,115
63,2,115
63,3,115
63,4,117
63,5,117
63,6,117
63,7,117
63,0,118
63,1,118
63,4,121
63,5,121
63,6,121
63,7,121
63,0,122
63,1,122
63,4,124
63,5,124
63,0,125
63,1,125
63,6,128
63,7,128
63,4,131
63,5,131
63,6,131
63,7,131
63,2,135
63,3,135
63,2,138
63,3,138
63,4,138
63,5,138
63,6,138
63,7,138
63,2,142
63,3,142
63,4,142
63,5,142
63,0,145
63,1,145
63,2,145
63,3,145
63,4,145
63,5,145
63,0,149
63,1,149
63,2,149
63,3,149
63,6,150
63,7,150
63,2,151
63,3,151
63,4,151
63,5,151
63,6,151
63,7,151
63,0,152
63,1,152
63,2,152
63,3,152
63,2,156
63,3,156
63,4,156
63,5,156
63,6,156
63,7,156
63,0,157
63,1,157
63,2,157
63,3,157
63,4,157
63,5,157
63,6,157
63,7,157
63,0,158
63,1,158
63,2,158
63,3,158
63,4,158
63,5,158
63,6,158
63,7,158
63,0,159
63,1,159
63,6,163
63,7,163
63,0,164
63,1,164
63,2,164
63,3,164
63,4,164
63,5,164
63,0,165
63,1,165
63,4,165
63,5,165
63,6,165
63,7,165
63,0,166
63,1,166
64,6,29
64,7,29
64,0,30
64,1,30
64,2,30
64,3,30
64,6,30
64,7,30
64,0,31
64,1,31
64,2,31
64,3,31
64,4,31
64,5,31
64,6,31
64,7,31
64,0,32
64,1,32
64,6,36
64,7,36
64,0,37
64,1,37
64,2,37
64,3,37
64,4,37
64,5,37
64,6,37
64,7,37
64,0,38
64,1,38
64,2,38
64,3,38
64,4,38
64,5,38
64,6,38
64,7,38
64,0,44
64,1,44
64,2,44
64,3,44
64,4,44
64,5,44
64,2,45
64,3,45
64,0,51
64,1,51
64,2,51
64,3,51
64,2,58
64,3,58
64,4,58
64,5,58
64,0,65
64,1,65
64,2,65
64,3,65
64,4,65
64,5,65
64,2,72
64,3,72
64,4,72
64,5,72
64,6,72
64,7,72
64,2,79
64,3,79
64,4,79
64,5,79
64,6,79
64,7,79
64,4,86
64,5,86
64,6,86
64,7,86
64,4,88
64,5,88
64,6,88
64,7,88
64,0,89
64,1,89
64,2,89
64,3,89
64,4,93
64,5,93
64,6,93
64,7,93
64,0,94
64,1,94
64,0,95
64,1,95
64,2,95
64,3,95
64,4,95
64,5,95
64,6,95
64,7,95
64,0,96
64,1,96
64,2,96
64,3,96
64,4,96
64,5,96
64,4,100
64,5,100
64,6,100
64,7,100
64,0,101
64,1,101
64,2,101
64,3,101
64,4,101
64,5,101
64,6,101
64,7,101
64,0,102
64,1,102
64,2,102
64,3,102
64,4,102
64,5,102
64,6,102
64,7,102
64,0,103
64,1,103
64,2,103
64,3,103
64,4,103
64,5,103
64,4,107
64,5,107
64,6,107
64,7,107
64,0,108
64,1,108
64,2,108
64,3,108
64,4,108
64,5,108
64,6,108
64,7,108
64,2,110
64,3,110
64,4,110
64,5,110
64,6,110
64,7,110
64,4,114
64,5,114
64,6,114
64,7,114
64,0,115
64,1,115
64,2,115
64,3,115
64,4,117
64,5,117
64,6,117
64,7,117
64,6,121
64,7,121
64,0,122
64,1,122
64,2,122
64,3,122
64,4,124
64,5,124
64,6,124
64,7,124
64,0,125
64,1,125
64,0,129
64,1,129
64,2,131
64,3,131
64,4,131
64,5,131
64,6,131
64,7,131
64,2,138
64,3,138
64,4,138
64,5,138
64,6,138
64,7,138
64,0,142
64,1,142
64,2,142
64,3,142
64,4,142
64,5,142
64,0,145
64,1,145
64,2,145
64,3,145
64,4,145
64,5,145
64,0,149
64,1,149
64,2,149
64,3,149
64,6,149
64,7,149
64,0,150
64,1,150
64,2,151
64,3,151
64,4,151
64,5,151
64,6,151
64,7,151
64,0,152
64,1,152
64,2,152
64,3,152
64,0,156
64,1,156
64,2,156
64,3,156
64,4,156
64,5,156
64,6,156
64,7,156
64,0,157
64,1,157
64,2,157
64,3,157
64,4,157
64,5,157
64,6,157
64,7,157
64,0,158
64,1,158
64,2,158
64,3,158
64,4,158
64,5,158
64,6,158
64,7,158
64,0,159
64,1,159
64,2,159
64,3,159
64,2,163
64,3,163
64,4,163
64,5,163
64,0,164
64,1,164
64,4,164
64,5,164
64,0,165
64,1,165
64,2,165
64,3,165
64,6,165
64,7,165
65,0,30
65,1,30
65,2,30
65,3,30
65,6,30
65,7,30
65,0,31
65,1,31
65,2,31
65,3,31
65,4,31
65,5,31
65,6,31
65,7,31
65,0,32
65,1,32
65,0,37
65,1,37
65,2,37
65,3,37
65,4,37
65,5,37
65,6,37
65,7,37
65,0,38
65,1,38
65,2,38
65,3,38
65,4,38
65,5,38
65,0,44
65,1,44
65,2,44
65,3,44
65,4,44
65,5,44
65,0,51
65,1,51
65,2,51
65,3,51
65,4,51
65,5,51
65,0,58
65,1,58
65,2,58
65,3,58
65,4,58
65,5,58
65,0,65
65,1,65
65,2,65
65,3,65
65,4,65
65,5,65
65,2,72
65,3,72
65,4,72
65,5,72
65,2,79
65,3,79
65,4,79
65,5,79
65,6,79
65,7,79
65,4,86
65,5,86
65,6,86
65,7,86
65,2,88
65,3,88
65,4,88
65,5,88
65,6,88
65,7,88
65,0,89
65,1,89
65,4,93
65,5,93
65,6,93
65,7,93
65,0,94
65,1,94
65,6,94
65,7,94
65,0,95
65,1,95
65,2,95
65,3,95
65,4,95
65,5,95
65,6,95
65,7,95
65,0,96
65,1,96
65,2,96
65,3,96
65,6,100
65,7,100
65,0,101
65,1,101
65,2,101
65,3,101
65,4,101
65,5,101
65,6,101
65,7,101
65,0,102
65,1,102
65,2,102
65,3,102
65,0,103
65,1,103
65,2,103
65,3,103
65,4,107
65,5,107
65,6,107
65,7,107
65,0,108
65,1,108
65,2,108
65,3,108
65,4,108
65,5,108
65,2,110
65,3,110
65,4,110
65,5,110
65,6,110
65,7,110
65,6,114
65,7,114
65,0,115
65,1,115
65,2,115
65,3,115
65,4,117
65,5,117
65,6,117
65,7,117
65,6,121
65,7,121
65,0,122
65,1,122
65,4,124
65,5,124
65,6,124
65,7,124
65,6,128
65,7,128
65,0,129
65,1,129
65,4,131
65,5,131
65,6,131
65,7,131
65,2,135
65,3,135
65,2,138
65,3,138
65,4,138
65,5,138
65,6,138
65,7,138
65,2,142
65,3,142
65,0,145
65,1,145
65,2,145
65,3,145
65,4,145
65,5,145
65,2,149
65,3,149
65,2,151
65,3,151
65,6,151
65,7,151
65,0,152
65,1,152
65,2,152
65,3,152
65,2,156
65,3,156
65,4,156
65,5,156
65,6,156
65,7,156
65,0,157
65,1,157
65,2,157
65,3,157
65,4,157
65,5,157
65,6,157
65,7,157
65,0,158
65,1,158
65,2,158
65,3,158
65,4,158
65,5,158
65,6,158
65,7,158
65,0,159
65,1,159
65,2,159
65,3,159
65,4,163
65,5,163
65,6,163
65,7,163
65,0,164
65,1,164
65,4,164
65,5,164
65,6,164
65,7,164
65,0,165
65,1,165
65,2,165
65,3,165
65,4,165
65,5,165
65,6,165
65,7,165
65,0,166
65,1,166
66,0,30
66,1,30
66,2,30
66,3,30
66,6,30
66,7,30
66,0,31
66,1,31
66,2,31
66,3,31
66,4,31
66,5,31
66,6,31
66,7,31
66,0,32
66,1,32
66,6,36
66,7,36
66,0,37
66,1,37
66,2,37
66,3,37
66,4,37
66,5,37
66,6,37
66,7,37
66,0,38
66,1,38
66,2,38
66,3,38
66,4,38
66,5,38
66,6,38
66,7,38
66,0,39
66,1,39
66,0,44
66,1,44
66,2,44
66,3,44
66,6,44
66,7,44
66,0,45
66,1,45
66,0,51
66,1,51
66,2,51
66,3,51
66,4,51
66,5,51
66,0,58
66,1,58
66,2,58
66,3,58
66,4,58
66,5,58
66,2,65
66,3,65
66,4,65
66,5,65
66,2,72
66,3,72
66,4,72
66,5,72
66,6,72
66,7,72
66,2,79
66,3,79
66,4,79
66,5,79
66,6,79
66,7,79
66,4,86
66,5,86
66,6,86
66,7,86
66,4,88
66,5,88
66,6,88
66,7,88
66,4,93
66,5,93
66,6,93
66,7,93
66,4,94
66,5,94
66,6,94
66,7,94
66,0,95
66,1,95
66,2,95
66,3,95
66,4,95
66,5,95
66,6,95
66,7,95
66,0,96
66,1,96
66,2,96
66,3,96
66,6,100
66,7,100
66,0,101
66,1,101
66,2,101
66,3,101
66,4,101
66,5,101
66,6,101
66,7,101
66,0,102
66,1,102
66,2,102
66,3,102
66,0,103
66,1,103
66,2,103
66,3,103
66,4,103
66,5,103
66,6,107
66,7,107
66,0,108
66,1,108
66,2,108
66,3,108
66,4,108
66,5,108
66,6,108
66,7,108
66,2,110
66,3,110
66,4,110
66,5,110
66,6,114
66,7,114
66,0,115
66,1,115
66,4,117
66,5,117
66,6,117
66,7,117
66,4,121
66,5,121
66,6,121
66,7,121
66,0,122
66,1,122
66,4,124
66,5,124
66,6,124
66,7,124
66,6,128
66,7,128
66,4,131
66,5,131
66,6,131
66,7,131
66,0,135
66,1,135
66,2,135
66,3,135
66,2,138
66,3,138
66,4,138
66,5,138
66,2,142
66,3,142
66,0,145
66,1,145
66,2,145
66,3,145
66,4,145
66,5,145
66,2,149
66,3,149
66,6,149
66,7,149
66,6,151
66,7,151
66,0,152
66,1,152
66,2,152
66,3,152
66,4,152
66,5,152
66,0,156
66,1,156
66,2,156
66,3,156
66,4,156
66,5,156
66,6,156
66,7,156
66,0,157
66,1,157
66,2,157
66,3,157
66,4,157
66,5,157
66,6,157
66,7,157
66,0,158
66,1,158
66,2,158
66,3,158
66,4,158
66,5,158
66,6,158
66,7,158
66,0,159
66,1,159
66,4,163
66,5,163
66,0,164
66,1,164
66,2,164
66,3,164
66,6,164
66,7,164
66,0,165
66,1,165
66,2,165
66,3,165
66,4,165
66,5,165
67,0,30
67,1,30
67,2,30
67,3,30
67,4,30
67,5,30
67,2,31
67,3,31
67,4,31
67,5,31
67,6,31
67,7,31
67,0,32
67,1,32
67,6,36
67,7,36
67,0,37
67,1,37
67,2,37
67,3,37
67,4,37
67,5,37
67,6,37
67,7,37
67,0,38
67,1,38
67,2,38
67,3,38
67,4,38
67,5,38
67,6,38
67,7,38
67,0,44
67,1,44
67,2,44
67,3,44
67,6,44
67,7,44
67,0,45
67,1,45
67,0,51
67,1,51
67,2,51
67,3,51
67,0,58
67,1,58
67,2,58
67,3,58
67,4,58
67,5,58
67,2,65
67,3,65
67,4,65
67,5,65
67,6,65
67,7,65
67,4,72
67,5,72
67,2,79
67,3,79
67,4,79
67,5,79
67,6,79
67,7,79
67,4,86
67,5,86
67,6,86
67,7,86
67,2,88
67,3,88
67,4,88
67,5,88
67,6,88
67,7,88
67,0,89
67,1,89
67,4,93
67,5,93
67,6,93
67,7,93
67,4,94
67,5,94
67,6,94
67,7,94
67,0,95
67,1,95
67,2,95
67,3,95
67,4,95
67,5,95
67,6,95
67,7,95
67,0,96
67,1,96
67,2,96
67,3,96
67,4,96
67,5,96
67,4,100
67,5,100
67,6,100
67,7,100
67,0,101
67,1,101
67,2,101
67,3,101
67,4,101
67,5,101
67,6,101
67,7,101
67,0,102
67,1,102
67,2,102
67,3,102
67,4,102
67,5,102
67,0,103
67,1,103
67,2,103
67,3,103
67,4,103
67,5,103
67,6,107
67,7,107
67,0,108
67,1,108
67,2,108
67,3,108
67,4,108
67,5,108
67,6,108
67,7,108
67,2,109
67,3,109
67,2,110
67,3,110
67,4,110
67,5,110
67,6,114
67,7,114
67,0,115
67,1,115
67,4,117
67,5,117
67,6,117
67,7,117
67,6,121
67,7,121
67,0,122
67,1,122
67,4,124
67,5,124
67,6,124
67,7,124
67,4,128
67,5,128
67,6,128
67,7,128
67,4,131
67,5,131
67,6,131
67,7,131
67,2,135
67,3,135
67,2,138
67,3,138
67,4,138
67,5,138
67,6,138
67,7,138
67,2,142
67,3,142
67,2,145
67,3,145
67,4,145
67,5,145
67,6,145
67,7,145
67,0,149
67,1,149
67,2,149
67,3,149
67,6,149
67,7,149
67,4,150
67,5,150
67,2,151
67,3,151
67,4,151
67,5,151
67,6,151
67,7,151
67,0,152
67,1,152
67,2,152
67,3,152
67,4,152
67,5,152
67,0,156
67,1,156
67,2,156
67,3,156
67,4,156
67,5,156
67,6,156
67,7,156
67,0,157
67,1,157
67,2,157
67,3,157
67,4,157
67,5,157
67,6,157
67,7,157
67,0,158
67,1,158
67,2,158
67,3,158
67,4,158
67,5,158
67,6,158
67,7,158
67,0,159
67,1,159
67,2,159
67,3,159
67,2,163
67,3,163
67,6,163
67,7,163
67,0,164
67,1,164
67,2,164
67,3,164
67,4,164
67,5,164
67,0,165
67,1,165
67,2,165
67,3,165
68,0,30
68,1,30
68,2,30
68,3,30
68,4,30
68,5,30
68,6,30
68,7,30
68,4,31
68,5,31
68,6,31
68,7,31
68,0,32
68,1,32
68,2,32
68,3,32
68,6,36
68,7,36
68,0,37
68,1,37
68,2,37
68,3,37
68,4,37
68,5,37
68,6,37
68,7,37
68,0,38
68,1,38
68,2,38
68,3,38
68,4,38
68,5,38
68,6,38
68,7,38
68,0,39
68,1,39
68,6,43
68,7,43
68,0,44
68,1,44
68,2,44
68,3,44
68,0,51
68,1,51
68,2,51
68,3,51
68,4,51
68,5,51
68,0,58
68,1,58
68,2,58
68,3,58
68,4,58
68,5,58
68,0,65
68,1,65
68,2,65
68,3,65
68,4,65
68,5,65
68,2,72
68,3,72
68,4,72
68,5,72
68,4,79
68,5,79
68,6,79
68,7,79
68,4,86
68,5,86
68,6,86
68,7,86
68,2,88
68,3,88
68,4,88
68,5,88
68,6,88
68,7,88
68,0,89
68,1,89
68,2,89
68,3,89
68,4,93
68,5,93
68,6,93
68,7,93
68,4,94
68,5,94
68,6,94
68,7,94
68,0,95
68,1,95
68,2,95
68,3,95
68,4,95
68,5,95
68,6,95
68,7,95
68,0,96
68,1,96
68,4,96
68,5,96
68,4,100
68,5,100
68,6,100
68,7,100
68,0,101
68,1,101
68,2,101
68,3,101
68,4,101
68,5,101
68,6,101
68,7,101
68,0,102
68,1,102
68,2,102
68,3,102
68,0,103
68,1,103
68,2,103
68,3,103
68,4,103
68,5,103
68,6,107
68,7,107
68,0,108
68,1,108
68,2,108
68,3,108
68,4,108
68,5,108
68,4,110
68,5,110
68,6,114
68,7,114
68,0,115
68,1,115
68,2,115
68,3,115
68,4,117
68,5,117
68,6,117
68,7,117
68,6,121
68,7,121
68,0,122
68,1,122
68,4,124
68,5,124
68,6,124
68,7,124
68,6,128
68,7,128
68,4,131
68,5,131
68,6,131
68,7,131
68,2,135
68,3,135
68,2,138
68,3,138
68,4,138
68,5,138
68,6,138
68,7,138
68,2,142
68,3,142
68,4,142
68,5,142
68,2,145
68,3,145
68,4,145
68,5,145
68,0,149
68,1,149
68,2,149
68,3,149
68,4,149
68,5,149
68,2,150
68,3,150
68,0,151
68,1,151
68,4,151
68,5,151
68,6,151
68,7,151
68,0,152
68,1,152
68,2,152
68,3,152
68,4,152
68,5,152
68,0,156
68,1,156
68,2,156
68,3,156
68,4,156
68,5,156
68,6,156
68,7,156
68,0,157
68,1,157
68,2,157
68,3,157
68,4,157
68,5,157
68,6,157
68,7,157
68,0,158
68,1,158
68,2,158
68,3,158
68,4,158
68,5,158
68,6,158
68,7,158
68,0,159
68,1,159
68,2,159
68,3,159
68,4,163
68,5,163
68,4,164
68,5,164
68,6,164
68,7,164
68,0,165
68,1,165
68,4,165
68,5,165
69,0,30
69,1,30
69,2,30
69,3,30
69,4,30
69,5,30
69,6,30
69,7,30
69,0,31
69,1,31
69,2,31
69,3,31
69,4,31
69,5,31
69,6,31
69,7,31
69,0,32
69,1,32
69,2,32
69,3,32
69,0,37
69,1,37
69,2,37
69,3,37
69,4,37
69,5,37
69,6,37
69,7,37
69,0,38
69,1,38
69,2,38
69,3,38
69,4,38
69,5,38
69,6,38
69,7,38
69,0,39
69,1,39
69,6,43
69,7,43
69,0,44
69,1,44
69,2,44
69,3,44
69,6,44
69,7,44
69,0,51
69,1,51
69,2,51
69,3,51
69,0,58
69,1,58
69,2,58
69,3,58
69,4,58
69,5,58
69,2,65
69,3,65
69,4,65
69,5,65
69,4,72
69,5,72
69,2,79
69,3,79
69,4,79
69,5,79
69,6,79
69,7,79
69,4,86
69,5,86
69,6,86
69,7,86
69,0,88
69,1,88
69,2,88
69,3,88
69,4,88
69,5,88
69,6,88
69,7,88
69,0,89
69,1,89
69,4,93
69,5,93
69,6,93
69,7,93
69,0,94
69,1,94
69,6,94
69,7,94
69,0,95
69,1,95
69,2,95
69,3,95
69,4,95
69,5,95
69,6,95
69,7,95
69,0,96
69,1,96
69,2,96
69,3,96
69,4,96
69,5,96
69,4,100
69,5,100
69,6,100
69,7,100
69,0,101
69,1,101
69,2,101
69,3,101
69,4,101
69,5,101
69,6,101
69,7,101
69,0,102
69,1,102
69,2,102
69,3,102
69,2,103
69,3,103
69,4,103
69,5,103
69,6,107
69,7,107
69,0,108
69,1,108
69,2,108
69,3,108
69,4,108
69,5,108
69,6,108
69,7,108
69,4,110
69,5,110
69,6,114
69,7,114
69,0,115
69,1,115
69,4,117
69,5,117
69,6,117
69,7,117
69,6,121
69,7,121
69,0,122
69,1,122
69,4,124
69,5,124
69,6,124
69,7,124
69,6,128
69,7,128
69,4,131
69,5,131
69,6,131
69,7,131
69,0,135
69,1,135
69,2,135
69,3,135
69,2,138
69,3,138
69,4,138
69,5,138
69,6,138
69,7,138
69,2,142
69,3,142
69,4,142
69,5,142
69,0,145
69,1,145
69,2,145
69,3,145
69,4,145
69,5,145
69,2,149
69,3,149
69,4,149
69,5,149
69,6,149
69,7,149
69,0,150
69,1,150
69,2,151
69,3,151
69,0,152
69,1,152
69,2,152
69,3,152
69,4,152
69,5,152
69,0,156
69,1,156
69,4,156
69,5,156
69,6,156
69,7,156
69,0,157
69,1,157
69,2,157
69,3,157
69,4,157
69,5,157
69,6,157
69,7,157
69,0,158
69,1,158
69,2,158
69,3,158
69,4,158
69,5,158
69,6,158
69,7,158
69,0,159
69,1,159
69,6,163
69,7,163
69,0,164
69,1,164
69,2,164
69,3,164
69,6,164
69,7,164
69,0,165
69,1,165
69,2,165
69,3,165
69,6,165
69,7,165
70,0,30
70,1,30
70,2,30
70,3,30
70,4,30
70,5,30
70,2,31
70,3,31
70,4,31
70,5,31
70,6,31
70,7,31
70,0,32
70,1,32
70,0,37
70,1,37
70,2,37
70,3,37
70,4,37
70,5,37
70,6,37
70,7,37
70,0,38
70,1,38
70,2,38
70,3,38
70,4,38
70,5,38
70,0,44
70,1,44
70,2,44
70,3,44
70,6,44
70,7,44
70,0,51
70,1,51
70,2,51
70,3,51
70,0,58
70,1,58
70,2,58
70,3,58
70,4,58
70,5,58
70,0,65
70,1,65
70,2,65
70,3,65
70,4,65
70,5,65
70,6,65
70,7,65
70,2,72
70,3,72
70,4,72
70,5,72
70,4,79
70,5,79
70,2,86
70,3,86
70,4,86
70,5,86
70,6,86
70,7,86
70,0,88
70,1,88
70,4,88
70,5,88
70,6,88
70,7,88
70,0,89
70,1,89
70,4,93
70,5,93
70,6,93
70,7,93
70,4,94
70,5,94
70,6,94
70,7,94
70,0,95
70,1,95
70,2,95
70,3,95
70,4,95
70,5,95
70,6,95
70,7,95
70,0,96
70,1,96
70,2,96
70,3,96
70,4,100
70,5,100
70,6,100
70,7,100
70,0,101
70,1,101
70,2,101
70,3,101
70,4,101
70,5,101
70,6,101
70,7,101
70,0,102
70,1,102
70,0,103
70,1,103
70,2,103
70,3,103
70,4,103
70,5,103
70,6,107
70,7,107
70,0,108
70,1,108
70,2,108
70,3,108
70,4,108
70,5,108
70,6,108
70,7,108
70,2,110
70,3,110
70,4,110
70,5,110
70,6,114
70,7,114
70,0,115
70,1,115
70,4,117
70,5,117
70,6,117
70,7,117
70,4,121
70,5,121
70,6,121
70,7,121
70,0,122
70,1,122
70,4,124
70,5,124
70,6,124
70,7,124
70,0,125
70,1,125
70,6,128
70,7,128
70,4,131
70,5,131
70,6,131
70,7,131
70,2,135
70,3,135
70,2,138
70,3,138
70,4,138
70,5,138
70,6,138
70,7,138
70,0,142
70,1,142
70,2,142
70,3,142
70,2,145
70,3,145
70,4,145
70,5,145
70,6,145
70,7,145
70,2,149
70,3,149
70,6,149
70,7,149
70,2,151
70,3,151
70,6,151
70,7,151
70,0,152
70,1,152
70,2,152
70,3,152
70,4,152
70,5,152
70,0,156
70,1,156
70,2,156
70,3,156
70,4,156
70,5,156
70,6,156
70,7,156
70,0,157
70,1,157
70,2,157
70,3,157
70,4,157
70,5,157
70,6,157
70,7,157
70,0,158
70,1,158
70,2,158
70,3,158
70,4,158
70,5,158
70,6,158
70,7,158
70,0,159
70,1,159
70,2,159
70,3,159
70,4,163
70,5,163
70,6,163
70,7,163
70,0,164
70,1,164
70,2,164
70,3,164
70,4,164
70,5,164
70,6,164
70,7,164
70,0,165
70,1,165
70,2,165
70,3,165
71,0,30
71,1,30
71,2,30
71,3,30
71,2,31
71,3,31
71,4,31
71,5,31
71,6,31
71,7,31
71,0,32
71,1,32
71,6,36
71,7,36
71,0,37
71,1,37
71,2,37
71,3,37
71,4,37
71,5,37
71,6,37
71,7,37
71,0,38
71,1,38
71,2,38
71,3,38
71,4,38
71,5,38
71,0,39
71,1,39
71,6,43
71,7,43
71,0,44
71,1,44
71,2,44
71,3,44
71,4,44
71,5,44
71,0,51
71,1,51
71,2,51
71,3,51
71,0,58
71,1,58
71,2,58
71,3,58
71,2,65
71,3,65
71,4,65
71,5,65
71,6,65
71,7,65
71,4,72
71,5,72
71,6,72
71,7,72
71,2,79
71,3,79
71,4,79
71,5,79
71,4,86
71,5,86
71,6,86
71,7,86
71,0,88
71,1,88
71,4,88
71,5,88
71,6,88
71,7,88
71,0,89
71,1,89
71,2,89
71,3,89
71,4,93
71,5,93
71,6,93
71,7,93
71,2,94
71,3,94
71,4,94
71,5,94
71,0,95
71,1,95
71,2,95
71,3,95
71,4,95
71,5,95
71,6,95
71,7,95
71,0,96
71,1,96
71,2,96
71,3,96
71,4,100
71,5,100
71,6,100
71,7,100
71,0,101
71,1,101
71,2,101
71,3,101
71,4,101
71,5,101
71,6,101
71,7,101
71,0,102
71,1,102
71,0,103
71,1,103
71,2,103
71,3,103
71,4,103
71,5,103
71,6,103
71,7,103
71,6,107
71,7,107
71,0,108
71,1,108
71,2,108
71,3,108
71,4,108
71,5,108
71,2,110
71,3,110
71,4,110
71,5,110
71,6,110
71,7,110
71,4,114
71,5,114
71,6,114
71,7,114
71,0,115
71,1,115
71,4,117
71,5,117
71,6,117
71,7,117
71,6,121
71,7,121
71,0,122
71,1,122
71,4,124
71,5,124
71,6,124
71,7,124
71,4,128
71,5,128
71,6,128
71,7,128
71,4,131
71,5,131
71,6,131
71,7,131
71,0,135
71,1,135
71,2,138
71,3,138
71,4,138
71,5,138
71,6,138
71,7,138
71,2,142
71,3,142
71,2,145
71,3,145
71,4,145
71,5,145
71,0,149
71,1,149
71,2,149
71,3,149
71,0,150
71,1,150
71,2,150
71,3,150
71,6,151
71,7,151
71,0,152
71,1,152
71,2,152
71,3,152
71,0,156
71,1,156
71,2,156
71,3,156
71,4,156
71,5,156
71,6,156
71,7,156
71,0,157
71,1,157
71,2,157
71,3,157
71,4,157
71,5,157
71,6,157
71,7,157
71,0,158
71,1,158
71,2,158
71,3,158
71,4,158
71,5,158
71,6,158
71,7,158
71,0,159
71,1,159
71,2,159
71,3,159
71,2,163
71,3,163
71,6,163
71,7,163
71,2,164
71,3,164
71,4,164
71,5,164
71,6,164
71,7,164
71,2,165
71,3,165
71,4,165
71,5,165
72,6,29
72,7,29
72,2,30
72,3,30
72,4,30
72,5,30
72,6,30
72,7,30
72,0,31
72,1,31
72,2,31
72,3,31
72,4,31
72,5,31
72,6,31
72,7,31
72,0,32
72,1,32
72,0,37
72,1,37
72,2,37
72,3,37
72,4,37
72,5,37
72,6,37
72,7,37
72,0,38
72,1,38
72,2,38
72,3,38
72,4,38
72,5,38
72,6,38
72,7,38
72,0,39
72,1,39
72,0,44
72,1,44
72,2,44
72,3,44
72,6,44
72,7,44
72,0,51
72,1,51
72,2,51
72,3,51
72,0,58
72,1,58
72,2,58
72,3,58
72,4,58
72,5,58
72,2,65
72,3,65
72,4,65
72,5,65
72,2,72
72,3,72
72,4,72
72,5,72
72,2,79
72,3,79
72,4,79
72,5,79
72,6,79
72,7,79
72,4,86
72,5,86
72,6,86
72,7,86
72,0,87
72,1,87
72,0,88
72,1,88
72,2,88
72,3,88
72,4,88
72,5,88
72,6,88
72,7,88
72,0,89
72,1,89
72,4,93
72,5,93
72,6,93
72,7,93
72,6,94
72,7,94
72,0,95
72,1,95
72,2,95
72,3,95
72,4,95
72,5,95
72,6,95
72,7,95
72,0,96
72,1,96
72,2,96
72,3,96
72,4,96
72,5,96
72,4,100
72,5,100
72,6,100
72,7,100
72,0,101
72,1,101
72,2,101
72,3,101
72,4,101
72,5,101
72,6,101
72,7,101
72,0,102
72,1,102
72,2,102
72,3,102
72,2,103
72,3,103
72,4,103
72,5,103
72,4,107
72,5,107
72,6,107
72,7,107
72,0,108
72,1,108
72,2,108
72,3,108
72,4,108
72,5,108
72,6,108
72,7,108
72,4,110
72,5,110
72,6,110
72,7,110
72,6,114
72,7,114
72,0,115
72,1,115
72,2,115
72,3,115
72,4,117
72,5,117
72,6,117
72,7,117
72,6,121
72,7,121
72,4,124
72,5,124
72,6,124
72,7,124
72,4,128
72,5,128
72,0,129
72,1,129
72,4,131
72,5,131
72,6,131
72,7,131
72,2,135
72,3,135
72,2,138
72,3,138
72,4,138
72,5,138
72,6,138
72,7,138
72,0,142
72,1,142
72,2,142
72,3,142
72,4,142
72,5,142
72,2,145
72,3,145
72,4,145
72,5,145
72,6,145
72,7,145
72,0,149
72,1,149
72,2,149
72,3,149
72,4,149
72,5,149
72,2,150
72,3,150
72,4,151
72,5,151
72,6,151
72,7,151
72,0,152
72,1,152
72,2,152
72,3,152
72,4,152
72,5,152
72,0,156
72,1,156
72,2,156
72,3,156
72,4,156
72,5,156
72,6,156
72,7,156
72,0,157
72,1,157
72,2,157
72,3,157
72,4,157
72,5,157
72,6,157
72,7,157
72,0,158
72,1,158
72,2,158
72,3,158
72,4,158
72,5,158
72,6,158
72,7,158
72,0,159
72,1,159
72,2,159
72,3,159
72,0,163
72,1,163
72,4,163
72,5,163
72,2,164
72,3,164
72,4,164
72,5,164
72,6,164
72,7,164
72,0,165
72,1,165
72,2,165
72,3,165
72,6,165
72,7,165
73,0,30
73,1,30
73,2,30
73,3,30
73,4,30
73,5,30
73,6,30
73,7,30
73,0,31
73,1,31
73,2,31
73,3,31
73,4,31
73,5,31
73,6,31
73,7,31
73,0,32
73,1,32
73,6,36
73,7,36
73,0,37
73,1,37
73,2,37
73,3,37
73,4,37
73,5,37
73,6,37
73,7,37
73,0,38
73,1,38
73,2,38
73,3,38
73,4,38
73,5,38
73,6,38
73,7,38
73,0,39
73,1,39
73,0,44
73,1,44
73,2,44
73,3,44
73,4,44
73,5,44
73,0,51
73,1,51
73,2,51
73,3,51
73,4,51
73,5,51
73,0,58
73,1,58
73,4,58
73,5,58
73,2,65
73,3,65
73,4,65
73,5,65
73,2,72
73,3,72
73,4,72
73,5,72
73,4,79
73,5,79
73,6,79
73,7,79
73,4,86
73,5,86
73,6,86
73,7,86
73,2,88
73,3,88
73,4,88
73,5,88
73,6,88
73,7,88
73,0,89
73,1,89
73,4,93
73,5,93
73,6,93
73,7,93
73,4,94
73,5,94
73,0,95
73,1,95
73,2,95
73,3,95
73,4,95
73,5,95
73,6,95
73,7,95
73,0,96
73,1,96
73,2,96
73,3,96
73,6,100
73,7,100
73,0,101
73,1,101
73,2,101
73,3,101
73,4,101
73,5,101
73,6,101
73,7,101
73,0,102
73,1,102
73,2,102
73,3,102
73,4,102
73,5,102
73,0,103
73,1,103
73,2,103
73,3,103
73,4,103
73,5,103
73,6,107
73,7,107
73,0,108
73,1,108
73,2,108
73,3,108
73,4,108
73,5,108
73,6,108
73,7,108
73,2,110
73,3,110
73,4,110
73,5,110
73,6,110
73,7,110
73,4,114
73,5,114
73,6,114
73,7,114
73,0,115
73,1,115
73,2,115
73,3,115
73,4,117
73,5,117
73,6,117
73,7,117
73,4,121
73,5,121
73,6,121
73,7,121
73,0,122
73,1,122
73,4,124
73,5,124
73,6,124
73,7,124
73,6,128
73,7,128
73,0,129
73,1,129
73,2,131
73,3,131
73,4,131
73,5,131
73,6,131
73,7,131
73,2,135
73,3,135
73,4,138
73,5,138
73,6,138
73,7,138
73,0,142
73,1,142
73,2,142
73,3,142
73,2,145
73,3,145
73,4,145
73,5,145
73,0,149
73,1,149
73,2,149
73,3,149
73,4,149
73,5,149
73,6,149
73,7,149
73,4,150
73,5,150
73,2,151
73,3,151
73,6,151
73,7,151
73,0,152
73,1,152
73,2,152
73,3,152
73,4,152
73,5,152
73,2,156
73,3,156
73,4,156
73,5,156
73,6,156
73,7,156
73,0,157
73,1,157
73,2,157
73,3,157
73,4,157
73,5,157
73,6,157
73,7,157
73,0,158
73,1,158
73,2,158
73,3,158
73,4,158
73,5,158
73,6,158
73,7,158
73,0,159
73,1,159
73,2,163
73,3,163
73,4,163
73,5,163
73,6,163
73,7,163
73,0,164
73,1,164
73,4,164
73,5,164
73,6,164
73,7,164
73,0,165
73,1,165
73,4,165
73,5,165
73,6,165
73,7,165
73,0,166
73,1,166
74,0,30
74,1,30
74,2,30
74,3,30
74,6,30
74,7,30
74,2,31
74,3,31
74,4,31
74,5,31
74,6,31
74,7,31
74,0,32
74,1,32
74,6,36
74,7,36
74,0,37
74,1,37
74,2,37
74,3,37
74,4,37
74,5,37
74,6,37
74,7,37
74,0,38
74,1,38
74,2,38
74,3,38
74,4,38
74,5,38
74,0,44
74,1,44
74,2,44
74,3,44
74,2,45
74,3,45
74,0,51
74,1,51
74,2,51
74,3,51
74,0,58
74,1,58
74,2,58
74,3,58
74,0,65
74,1,65
74,2,65
74,3,65
74,4,65
74,5,65
74,4,72
74,5,72
74,6,72
74,7,72
74,2,79
74,3,79
74,4,79
74,5,79
74,6,79
74,7,79
74,4,86
74,5,86
74,4,88
74,5,88
74,6,88
74,7,88
74,0,89
74,1,89
74,4,93
74,5,93
74,6,93
74,7,93
74,4,94
74,5,94
74,6,94
74,7,94
74,0,95
74,1,95
74,2,95
74,3,95
74,4,95
74,5,95
74,6,95
74,7,95
74,0,96
74,1,96
74,2,96
74,3,96
74,4,100
74,5,100
74,6,100
74,7,100
74,0,101
74,1,101
74,2,101
74,3,101
74,4,101
74,5,101
74,6,101
74,7,101
74,0,102
74,1,102
74,2,102
74,3,102
74,2,103
74,3,103
74,4,103
74,5,103
74,4,107
74,5,107
74,6,107
74,7,107
74,0,108
74,1,108
74,2,108
74,3,108
74,4,110
74,5,110
74,6,110
74,7,110
74,4,114
74,5,114
74,6,114
74,7,114
74,0,115
74,1,115
74,4,117
74,5,117
74,6,117
74,7,117
74,4,121
74,5,121
74,6,121
74,7,121
74,0,122
74,1,122
74,4,124
74,5,124
74,6,124
74,7,124
74,6,128
74,7,128
74,0,129
74,1,129
74,4,131
74,5,131
74,6,131
74,7,131
74,2,135
74,3,135
74,2,138
74,3,138
74,4,138
74,5,138
74,0,142
74,1,142
74,2,142
74,3,142
74,4,142
74,5,142
74,2,145
74,3,145
74,4,145
74,5,145
74,0,149
74,1,149
74,2,149
74,3,149
74,4,149
74,5,149
74,6,149
74,7,149
74,6,151
74,7,151
74,0,152
74,1,152
74,2,152
74,3,152
74,4,152
74,5,152
74,2,156
74,3,156
74,4,156
74,5,156
74,6,156
74,7,156
74,0,157
74,1,157
74,2,157
74,3,157
74,4,157
74,5,157
74,6,157
74,7,157
74,0,158
74,1,158
74,2,158
74,3,158
74,4,158
74,5,158
74,6,158
74,7,158
74,0,159
74,1,159
74,4,163
74,5,163
74,6,163
74,7,163
74,0,164
74,1,164
74,2,164
74,3,164
74,4,164
74,5,164
74,6,164
74,7,164
74,0,165
74,1,165
74,2,165
74,3,165
74,4,165
74,5,165
74,6,165
74,7,165
75,6,29
75,7,29
75,0,30
75,1,30
75,2,30
75,3,30
75,4,30
75,5,30
75,6,30
75,7,30
75,2,31
75,3,31
75,4,31
75,5,31
75,6,31
75,7,31
75,0,32
75,1,32
75,0,37
75,1,37
75,2,37
75,3,37
75,4,37
75,5,37
75,6,37
75,7,37
75,0,38
75,1,38
75,2,38
75,3,38
75,4,38
75,5,38
75,0,39
75,1,39
75,0,44
75,1,44
75,2,44
75,3,44
75,4,44
75,5,44
75,2,45
75,3,45
75,0,51
75,1,51
75,2,51
75,3,51
75,2,58
75,3,58
75,4,58
75,5,58
75,2,65
75,3,65
75,4,65
75,5,65
75,2,72
75,3,72
75,4,72
75,5,72
75,2,79
75,3,79
75,4,79
75,5,79
75,6,79
75,7,79
75,4,86
75,5,86
75,6,86
75,7,86
75,0,88
75,1,88
75,2,88
75,3,88
75,4,88
75,5,88
75,6,88
75,7,88
75,0,89
75,1,89
75,4,93
75,5,93
75,6,93
75,7,93
75,0,94
75,1,94
75,6,94
75,7,94
75,0,95
75,1,95
75,2,95
75,3,95
75,4,95
75,5,95
75,6,95
75,7,95
75,0,96
75,1,96
75,2,96
75,3,96
75,4,96
75,5,96
75,6,100
75,7,100
75,0,101
75,1,101
75,2,101
75,3,101
75,4,101
75,5,101
75,6,101
75,7,101
75,0,102
75,1,102
75,0,103
75,1,103
75,2,103
75,3,103
75,4,103
75,5,103
75,4,107
75,5,107
75,6,107
75,7,107
75,0,108
75,1,108
75,2,108
75,3,108
75,6,108
75,7,108
75,2,110
75,3,110
75,4,110
75,5,110
75,6,110
75,7,110
75,6,114
75,7,114
75,0,115
75,1,115
75,2,115
75,3,115
75,4,117
75,5,117
75,6,117
75,7,117
75,4,121
75,5,121
75,6,121
75,7,121
75,0,122
75,1,122
75,4,124
75,5,124
75,6,124
75,7,124
75,6,128
75,7,128
75,0,129
75,1,129
75,4,131
75,5,131
75,6,131
75,7,131
75,2,138
75,3,138
75,4,138
75,5,138
75,0,142
75,1,142
75,2,142
75,3,142
75,2,145
75,3,145
75,4,145
75,5,145
75,0,149
75,1,149
75,2,149
75,3,149
75,4,149
75,5,149
75,2,150
75,3,150
75,4,150
75,5,150
75,2,151
75,3,151
75,0,152
75,1,152
75,2,152
75,3,152
75,4,152
75,5,152
75,0,156
75,1,156
75,2,156
75,3,156
75,4,156
75,5,156
75,6,156
75,7,156
75,0,157
75,1,157
75,2,157
75,3,157
75,4,157
75,5,157
75,6,157
75,7,157
75,0,158
75,1,158
75,2,158
75,3,158
75,4,158
75,5,158
75,6,158
75,7,158
75,0,159
75,1,159
75,2,159
75,3,159
75,2,163
75,3,163
75,4,163
75,5,163
75,0,164
75,1,164
75,2,164
75,3,164
75,4,164
75,5,164
75,6,164
75,7,164
75,0,165
75,1,165
75,2,165
75,3,165
76,0,30
76,1,30
76,2,30
76,3,30
76,4,30
76,5,30
76,6,30
76,7,30
76,0,31
76,1,31
76,2,31
76,3,31
76,4,31
76,5,31
76,6,31
76,7,31
76,0,32
76,1,32
76,0,37
76,1,37
76,2,37
76,3,37
76,4,37
76,5,37
76,6,37
76,7,37
76,0,38
76,1,38
76,2,38
76,3,38
76,4,38
76,5,38
76,0,44
76,1,44
76,2,44
76,3,44
76,6,44
76,7,44
76,0,45
76,1,45
76,4,45
76,5,45
76,0,51
76,1,51
76,2,51
76,3,51
76,2,58
76,3,58
76,4,58
76,5,58
76,2,65
76,3,65
76,4,65
76,5,65
76,2,72
76,3,72
76,4,72
76,5,72
76,2,79
76,3,79
76,4,79
76,5,79
76,4,86
76,5,86
76,6,86
76,7,86
76,2,88
76,3,88
76,4,88
76,5,88
76,6,88
76,7,88
76,0,89
76,1,89
76,2,89
76,3,89
76,4,93
76,5,93
76,6,93
76,7,93
76,4,94
76,5,94
76,6,94
76,7,94
76,0,95
76,1,95
76,2,95
76,3,95
76,4,95
76,5,95
76,6,95
76,7,95
76,0,96
76,1,96
76,4,100
76,5,100
76,6,100
76,7,100
76,0,101
76,1,101
76,2,101
76,3,101
76,4,101
76,5,101
76,6,101
76,7,101
76,0,102
76,1,102
76,2,102
76,3,102
76,0,103
76,1,103
76,2,103
76,3,103
76,6,107
76,7,107
76,0,108
76,1,108
76,2,108
76,3,108
76,4,108
76,5,108
76,6,108
76,7,108
76,2,110
76,3,110
76,4,110
76,5,110
76,6,110
76,7,110
76,4,114
76,5,114
76,6,114
76,7,114
76,0,115
76,1,115
76,2,115
76,3,115
76,4,117
76,5,117
76,6,117
76,7,117
76,4,121
76,5,121
76,6,121
76,7,121
76,0,122
76,1,122
76,4,124
76,5,124
76,6,124
76,7,124
76,6,128
76,7,128
76,0,129
76,1,129
76,4,131
76,5,131
76,6,131
76,7,131
76,2,135
76,3,135
76,2,138
76,3,138
76,4,138
76,5,138
76,2,142
76,3,142
76,0,145
76,1,145
76,2,145
76,3,145
76,4,145
76,5,145
76,6,145
76,7,145
76,2,149
76,3,149
76,4,149
76,5,149
76,6,149
76,7,149
76,2,150
76,3,150
76,0,151
76,1,151
76,2,151
76,3,151
76,4,151
76,5,151
76,0,152
76,1,152
76,2,152
76,3,152
76,4,152
76,5,152
76,0,156
76,1,156
76,2,156
76,3,156
76,4,156
76,5,156
76,6,156
76,7,156
76,0,157
76,1,157
76,2,157
76,3,157
76,4,157
76,5,157
76,6,157
76,7,157
76,0,158
76,1,158
76,2,158
76,3,158
76,4,158
76,5,158
76,6,158
76,7,158
76,0,159
76,1,159
76,2,159
76,3,159
76,2,163
76,3,163
76,4,163
76,5,163
76,2,164
76,3,164
76,4,164
76,5,164
76,6,164
76,7,164
76,0,165
76,1,165
76,2,165
76,3,165
76,0,166
76,1,166
77,0,30
77,1,30
77,2,30
77,3,30
77,4,30
77,5,30
77,0,31
77,1,31
77,2,31
77,3,31
77,4,31
77,5,31
77,6,31
77,7,31
77,0,32
77,1,32
77,6,36
77,7,36
77,0,37
77,1,37
77,2,37
77,3,37
77,4,37
77,5,37
77,6,37
77,7,37
77,0,38
77,1,38
77,2,38
77,3,38
77,4,38
77,5,38
77,0,39
77,1,39
77,0,44
77,1,44
77,2,44
77,3,44
77,2,45
77,3,45
77,0,51
77,1,51
77,2,51
77,3,51
77,4,51
77,5,51
77,0,58
77,1,58
77,2,58
77,3,58
77,4,58
77,5,58
77,0,65
77,1,65
77,2,65
77,3,65
77,4,65
77,5,65
77,6,65
77,7,65
77,2,72
77,3,72
77,4,72
77,5,72
77,6,72
77,7,72
77,4,79
77,5,79
77,4,86
77,5,86
77,6,86
77,7,86
77,2,88
77,3,88
77,4,88
77,5,88
77,6,88
77,7,88
77,0,89
77,1,89
77,4,93
77,5,93
77,6,93
77,7,93
77,0,94
77,1,94
77,6,94
77,7,94
77,0,95
77,1,95
77,2,95
77,3,95
77,4,95
77,5,95
77,6,95
77,7,95
77,0,96
77,1,96
77,2,96
77,3,96
77,4,100
77,5,100
77,6,100
77,7,100
77,0,101
77,1,101
77,2,101
77,3,101
77,4,101
77,5,101
77,6,101
77,7,101
77,0,102
77,1,102
77,2,102
77,3,102
77,0,103
77,1,103
77,2,103
77,3,103
77,6,107
77,7,107
77,0,108
77,1,108
77,2,108
77,3,108
77,4,108
77,5,108
77,0,110
77,1,110
77,2,110
77,3,110
77,4,110
77,5,110
77,4,114
77,5,114
77,6,114
77,7,114
77,0,115
77,1,115
77,2,115
77,3,115
77,4,117
77,5,117
77,6,117
77,7,117
77,4,121
77,5,121
77,6,121
77,7,121
77,0,122
77,1,122
77,4,124
77,5,124
77,6,124
77,7,124
77,0,125
77,1,125
77,6,128
77,7,128
77,4,131
77,5,131
77,6,131
77,7,131
77,2,135
77,3,135
77,2,138
77,3,138
77,4,138
77,5,138
77,6,138
77,7,138
77,2,142
77,3,142
77,4,142
77,5,142
77,0,145
77,1,145
77,2,145
77,3,145
77,4,145
77,5,145
77,6,145
77,7,145
77,2,149
77,3,149
77,4,149
77,5,149
77,6,149
77,7,149
77,0,150
77,1,150
77,0,151
77,1,151
77,4,151
77,5,151
77,0,152
77,1,152
77,2,152
77,3,152
77,2,156
77,3,156
77,4,156
77,5,156
77,6,156
77,7,156
77,0,157
77,1,157
77,2,157
77,3,157
77,4,157
77,5,157
77,6,157
77,7,157
77,0,158
77,1,158
77,2,158
77,3,158
77,4,158
77,5,158
77,6,158
77,7,158
77,0,159
77,1,159
77,2,163
77,3,163
77,0,164
77,1,164
77,2,164
77,3,164
77,0,165
77,1,165
77,2,165
77,3,165
78,0,30
78,1,30
78,2,30
78,3,30
78,4,30
78,5,30
78,0,31
78,1,31
78,4,31
78,5,31
78,6,31
78,7,31
78,0,32
78,1,32
78,6,36
78,7,36
78,0,37
78,1,37
78,2,37
78,3,37
78,4,37
78,5,37
78,6,37
78,7,37
78,0,38
78,1,38
78,2,38
78,3,38
78,4,38
78,5,38
78,6,38
78,7,38
78,0,44
78,1,44
78,2,44
78,3,44
78,4,44
78,5,44
78,6,44
78,7,44
78,0,51
78,1,51
78,2,51
78,3,51
78,4,51
78,5,51
78,2,58
78,3,58
78,4,58
78,5,58
78,2,65
78,3,65
78,4,65
78,5,65
78,2,72
78,3,72
78,4,72
78,5,72
78,2,79
78,3,79
78,4,79
78,5,79
78,6,79
78,7,79
78,4,86
78,5,86
78,6,86
78,7,86
78,4,88
78,5,88
78,6,88
78,7,88
78,0,89
78,1,89
78,2,89
78,3,89
78,4,93
78,5,93
78,6,93
78,7,93
78,0,94
78,1,94
78,4,94
78,5,94
78,6,94
78,7,94
78,0,95
78,1,95
78,2,95
78,3,95
78,4,95
78,5,95
78,6,95
78,7,95
78,0,96
78,1,96
78,2,96
78,3,96
78,4,100
78,5,100
78,6,100
78,7,100
78,0,101
78,1,101
78,2,101
78,3,101
78,4,101
78,5,101
78,6,101
78,7,101
78,0,102
78,1,102
78,2,102
78,3,102
78,4,102
78,5,102
78,2,103
78,3,103
78,6,107
78,7,107
78,0,108
78,1,108
78,2,108
78,3,108
78,4,108
78,5,108
78,6,108
78,7,108
78,0,109
78,1,109
78,2,110
78,3,110
78,4,110
78,5,110
78,6,110
78,7,110
78,4,114
78,5,114
78,6,114
78,7,114
78,0,115
78,1,115
78,4,117
78,5,117
78,6,117
78,7,117
78,0,122
78,1,122
78,4,124
78,5,124
78,6,124
78,7,124
78,0,125
78,1,125
78,6,128
78,7,128
78,0,129
78,1,129
78,4,131
78,5,131
78,6,131
78,7,131
78,2,138
78,3,138
78,4,138
78,5,138
78,6,138
78,7,138
78,2,142
78,3,142
78,2,145
78,3,145
78,4,145
78,5,145
78,2,149
78,3,149
78,4,149
78,5,149
78,6,149
78,7,149
78,0,150
78,1,150
78,2,150
78,3,150
78,6,151
78,7,151
78,0,152
78,1,152
78,2,152
78,3,152
78,4,152
78,5,152
78,0,156
78,1,156
78,2,156
78,3,156
78,4,156
78,5,156
78,6,156
78,7,156
78,0,157
78,1,157
78,2,157
78,3,157
78,4,157
78,5,157
78,0,158
78,1,158
78,2,158
78,3,158
78,4,158
78,5,158
78,6,158
78,7,158
78,0,159
78,1,159
78,4,163
78,5,163
78,6,163
78,7,163
78,0,164
78,1,164
78,2,164
78,3,164
78,4,164
78,5,164
78,0,165
78,1,165
78,2,165
78,3,165
78,4,165
78,5,165
78,0,166
78,1,166
79,0,30
79,1,30
79,2,30
79,3,30
79,4,31
79,5,31
79,6,31
79,7,31
79,0,32
79,1,32
79,2,32
79,3,32
79,6,36
79,7,36
79,0,37
79,1,37
79,2,37
79,3,37
79,4,37
79,5,37
79,6,37
79,7,37
79,0,38
79,1,38
79,2,38
79,3,38
79,4,38
79,5,38
79,6,38
79,7,38
79,0,44
79,1,44
79,2,44
79,3,44
79,6,44
79,7,44
79,0,51
79,1,51
79,2,51
79,3,51
79,4,51
79,5,51
79,0,58
79,1,58
79,2,58
79,3,58
79,2,65
79,3,65
79,4,65
79,5,65
79,4,72
79,5,72
79,2,79
79,3,79
79,4,79
79,5,79
79,6,79
79,7,79
79,4,86
79,5,86
79,6,86
79,7,86
79,2,88
79,3,88
79,4,88
79,5,88
79,6,88
79,7,88
79,0,89
79,1,89
79,4,93
79,5,93
79,6,93
79,7,93
79,6,94
79,7,94
79,0,95
79,1,95
79,2,95
79,3,95
79,4,95
79,5,95
79,6,95
79,7,95
79,0,96
79,1,96
79,2,96
79,3,96
79,6,100
79,7,100
79,0,101
79,1,101
79,2,101
79,3,101
79,4,101
79,5,101
79,6,101
79,7,101
79,0,102
79,1,102
79,2,102
79,3,102
79,0,103
79,1,103
79,2,103
79,3,103
79,4,103
79,5,103
79,6,107
79,7,107
79,0,108
79,1,108
79,2,108
79,3,108
79,4,108
79,5,108
79,2,110
79,3,110
79,4,110
79,5,110
79,6,110
79,7,110
79,4,114
79,5,114
79,6,114
79,7,114
79,0,115
79,1,115
79,4,117
79,5,117
79,6,117
79,7,117
79,4,121
79,5,121
79,6,121
79,7,121
79,0,122
79,1,122
79,4,124
79,5,124
79,6,124
79,7,124
79,6,128
79,7,128
79,4,131
79,5,131
79,6,131
79,7,131
79,2,135
79,3,135
79,2,138
79,3,138
79,4,138
79,5,138
79,6,138
79,7,138
79,2,142
79,3,142
79,2,145
79,3,145
79,4,145
79,5,145
79,0,149
79,1,149
79,2,149
79,3,149
79,4,149
79,5,149
79,6,149
79,7,149
79,2,150
79,3,150
79,0,151
79,1,151
79,2,151
79,3,151
79,4,151
79,5,151
79,0,152
79,1,152
79,2,152
79,3,152
79,2,156
79,3,156
79,4,156
79,5,156
79,6,156
79,7,156
79,0,157
79,1,157
79,2,157
79,3,157
79,4,157
79,5,157
79,6,157
79,7,157
79,0,158
79,1,158
79,2,158
79,3,158
79,4,158
79,5,158
79,6,158
79,7,158
79,0,159
79,1,159
79,4,163
79,5,163
79,0,164
79,1,164
79,2,164
79,3,164
79,6,164
79,7,164
79,0,165
79,1,165
79,2,165
79,3,165
79,4,165
79,5,165
79,6,165
79,7,165
80,0,30
80,1,30
80,2,30
80,3,30
80,4,30
80,5,30
80,0,31
80,1,31
80,2,31
80,3,31
80,4,31
80,5,31
80,6,31
80,7,31
80,0,32
80,1,32
80,0,37
80,1,37
80,2,37
80,3,37
80,4,37
80,5,37
80,6,37
80,7,37
80,0,38
80,1,38
80,2,38
80,3,38
80,4,38
80,5,38
80,0,39
80,1,39
80,6,43
80,7,43
80,0,44
80,1,44
80,2,44
80,3,44
80,0,45
80,1,45
80,0,51
80,1,51
80,2,51
80,3,51
80,4,51
80,5,51
80,0,58
80,1,58
80,2,58
80,3,58
80,4,58
80,5,58
80,2,65
80,3,65
80,4,65
80,5,65
80,4,72
80,5,72
80,4,79
80,5,79
80,6,79
80,7,79
80,4,86
80,5,86
80,6,86
80,7,86
80,4,88
80,5,88
80,6,88
80,7,88
80,0,89
80,1,89
80,4,93
80,5,93
80,6,93
80,7,93
80,6,94
80,7,94
80,0,95
80,1,95
80,2,95
80,3,95
80,4,95
80,5,95
80,6,95
80,7,95
80,0,96
80,1,96
80,6,100
80,7,100
80,0,101
80,1,101
80,2,101
80,3,101
80,4,101
80,5,101
80,6,101
80,7,101
80,0,102
80,1,102
80,0,103
80,1,103
80,2,103
80,3,103
80,4,103
80,5,103
80,4,107
80,5,107
80,6,107
80,7,107
80,0,108
80,1,108
80,2,108
80,3,108
80,4,108
80,5,108
80,6,108
80,7,108
80,2,110
80,3,110
80,4,110
80,5,110
80,4,114
80,5,114
80,6,114
80,7,114
80,0,115
80,1,115
80,2,115
80,3,115
80,4,117
80,5,117
80,6,117
80,7,117
80,4,121
80,5,121
80,6,121
80,7,121
80,0,122
80,1,122
80,4,124
80,5,124
80,6,124
80,7,124
80,0,125
80,1,125
80,4,128
80,5,128
80,6,128
80,7,128
80,0,129
80,1,129
80,2,131
80,3,131
80,4,131
80,5,131
80,6,131
80,7,131
80,2,135
80,3,135
80,2,138
80,3,138
80,4,138
80,5,138
80,6,138
80,7,138
80,0,142
80,1,142
80,2,142
80,3,142
80,0,145
80,1,145
80,2,145
80,3,145
80,4,145
80,5,145
80,6,145
80,7,145
80,0,149
80,1,149
80,2,149
80,3,149
80,4,149
80,5,149
80,0,150
80,1,150
80,0,152
80,1,152
80,2,152
80,3,152
80,4,152
80,5,152
80,2,156
80,3,156
80,4,156
80,5,156
80,6,156
80,7,156
80,0,157
80,1,157
80,2,157
80,3,157
80,4,157
80,5,157
80,6,157
80,7,157
80,0,158
80,1,158
80,2,158
80,3,158
80,4,158
80,5,158
80,6,158
80,7,158
80,0,159
80,1,159
80,2,163
80,3,163
80,4,163
80,5,163
80,4,164
80,5,164
80,0,165
80,1,165
80,2,165
80,3,165
80,4,165
80,5,165
80,6,165
80,7,165
80,0,166
80,1,166
81,6,29
81,7,29
81,0,30
81,1,30
81,2,30
81,3,30
81,4,30
81,5,30
81,6,30
81,7,30
81,2,31
81,3,31
81,4,31
81,5,31
81,6,31
81,7,31
81,0,32
81,1,32
81,0,37
81,1,37
81,2,37
81,3,37
81,4,37
81,5,37
81,6,37
81,7,37
81,0,38
81,1,38
81,2,38
81,3,38
81,4,38
81,5,38
81,6,38
81,7,38
81,0,44
81,1,44
81,2,44
81,3,44
81,4,44
81,5,44
81,6,44
81,7,44
81,2,45
81,3,45
81,4,45
81,5,45
81,0,51
81,1,51
81,2,51
81,3,51
81,2,58
81,3,58
81,4,58
81,5,58
81,0,65
81,1,65
81,2,65
81,3,65
81,4,65
81,5,65
81,2,72
81,3,72
81,4,72
81,5,72
81,2,79
81,3,79
81,4,79
81,5,79
81,4,86
81,5,86
81,6,86
81,7,86
81,0,87
81,1,87
81,2,88
81,3,88
81,4,88
81,5,88
81,6,88
81,7,88
81,0,89
81,1,89
81,4,93
81,5,93
81,6,93
81,7,93
81,0,94
81,1,94
81,0,95
81,1,95
81,2,95
81,3,95
81,4,95
81,5,95
81,6,95
81,7,95
81,0,96
81,1,96
81,2,96
81,3,96
81,4,100
81,5,100
81,6,100
81,7,100
81,0,101
81,1,101
81,2,101
81,3,101
81,4,101
81,5,101
81,6,101
81,7,101
81,0,102
81,1,102
81,2,102
81,3,102
81,6,102
81,7,102
81,0,103
81,1,103
81,2,103
81,3,103
81,4,103
81,5,103
81,4,107
81,5,107
81,6,107
81,7,107
81,0,108
81,1,108
81,2,108
81,3,108
81,4,108
81,5,108
81,4,110
81,5,110
81,4,114
81,5,114
81,6,114
81,7,114
81,0,115
81,1,115
81,4,117
81,5,117
81,6,117
81,7,117
81,4,121
81,5,121
81,6,121
81,7,121
81,0,122
81,1,122
81,4,124
81,5,124
81,6,124
81,7,124
81,4,128
81,5,128
81,6,128
81,7,128
81,2,131
81,3,131
81,4,131
81,5,131
81,6,131
81,7,131
81,2,135
81,3,135
81,2,138
81,3,138
81,4,138
81,5,138
81,6,138
81,7,138
81,0,142
81,1,142
81,2,142
81,3,142
81,0,145
81,1,145
81,2,145
81,3,145
81,4,145
81,5,145
81,0,149
81,1,149
81,2,149
81,3,149
81,4,149
81,5,149
81,0,151
81,1,151
81,6,151
81,7,151
81,0,152
81,1,152
81,2,152
81,3,152
81,6,152
81,7,152
81,2,156
81,3,156
81,4,156
81,5,156
81,6,156
81,7,156
81,0,157
81,1,157
81,2,157
81,3,157
81,4,157
81,5,157
81,6,157
81,7,157
81,0,158
81,1,158
81,2,158
81,3,158
81,4,158
81,5,158
81,6,158
81,7,158
81,0,159
81,1,159
81,2,163
81,3,163
81,4,163
81,5,163
81,6,163
81,7,163
81,0,164
81,1,164
81,2,164
81,3,164
81,4,164
81,5,164
81,6,164
81,7,164
81,0,165
81,1,165
81,6,165
81,7,165
82,0,30
82,1,30
82,2,30
82,3,30
82,4,30
82,5,30
82,6,30
82,7,30
82,0,31
82,1,31
82,2,31
82,3,31
82,4,31
82,5,31
82,6,31
82,7,31
82,0,32
82,1,32
82,0,37
82,1,37
82,2,37
82,3,37
82,4,37
82,5,37
82,6,37
82,7,37
82,0,38
82,1,38
82,2,38
82,3,38
82,4,38
82,5,38
82,6,38
82,7,38
82,2,39
82,3,39
82,0,44
82,1,44
82,2,44
82,3,44
82,4,44
82,5,44
82,6,44
82,7,44
82,2,45
82,3,45
82,0,51
82,1,51
82,2,51
82,3,51
82,4,51
82,5,51
82,2,58
82,3,58
82,4,58
82,5,58
82,0,65
82,1,65
82,2,65
82,3,65
82,4,65
82,5,65
82,6,65
82,7,65
82,2,72
82,3,72
82,4,72
82,5,72
82,4,79
82,5,79
82,4,86
82,5,86
82,6,86
82,7,86
82,2,88
82,3,88
82,4,88
82,5,88
82,6,88
82,7,88
82,0,89
82,1,89
82,4,93
82,5,93
82,6,93
82,7,93
82,0,94
82,1,94
82,4,94
82,5,94
82,0,95
82,1,95
82,2,95
82,3,95
82,4,95
82,5,95
82,6,95
82,7,95
82,0,96
82,1,96
82,2,96
82,3,96
82,4,96
82,5,96
82,4,100
82,5,100
82,6,100
82,7,100
82,0,101
82,1,101
82,2,101
82,3,101
82,4,101
82,5,101
82,6,101
82,7,101
82,0,102
82,1,102
82,2,102
82,3,102
82,4,102
82,5,102
82,2,103
82,3,103
82,4,103
82,5,103
82,6,107
82,7,107
82,0,108
82,1,108
82,2,108
82,3,108
82,4,108
82,5,108
82,6,108
82,7,108
82,2,110
82,3,110
82,4,110
82,5,110
82,6,114
82,7,114
82,0,115
82,1,115
82,4,117
82,5,117
82,6,117
82,7,117
82,4,121
82,5,121
82,6,121
82,7,121
82,0,122
82,1,122
82,4,124
82,5,124
82,6,124
82,7,124
82,0,125
82,1,125
82,4,128
82,5,128
82,6,128
82,7,128
82,4,131
82,5,131
82,6,131
82,7,131
82,2,135
82,3,135
82,2,138
82,3,138
82,4,138
82,5,138
82,6,138
82,7,138
82,0,142
82,1,142
82,2,142
82,3,142
82,4,142
82,5,142
82,0,145
82,1,145
82,2,145
82,3,145
82,4,145
82,5,145
82,2,149
82,3,149
82,2,150
82,3,150
82,2,151
82,3,151
82,6,151
82,7,151
82,0,152
82,1,152
82,2,152
82,3,152
82,0,156
82,1,156
82,2,156
82,3,156
82,4,156
82,5,156
82,6,156
82,7,156
82,0,157
82,1,157
82,2,157
82,3,157
82,4,157
82,5,157
82,6,157
82,7,157
82,0,158
82,1,158
82,2,158
82,3,158
82,4,158
82,5,158
82,6,158
82,7,158
82,0,159
82,1,159
82,2,159
82,3,159
82,0,164
82,1,164
82,2,164
82,3,164
82,4,164
82,5,164
82,6,164
82,7,164
82,0,165
82,1,165
82,2,165
82,3,165
82,4,165
82,5,165
82,6,165
82,7,165
83,0,30
83,1,30
83,2,30
83,3,30
83,4,30
83,5,30
83,0,31
83,1,31
83,2,31
83,3,31
83,4,31
83,5,31
83,6,31
83,7,31
83,0,32
83,1,32
83,0,37
83,1,37
83,2,37
83,3,37
83,4,37
83,5,37
83,6,37
83,7,37
83,0,38
83,1,38
83,2,38
83,3,38
83,4,38
83,5,38
83,6,38
83,7,38
83,0,44
83,1,44
83,2,44
83,3,44
83,0,51
83,1,51
83,2,51
83,3,51
83,0,58
83,1,58
83,2,58
83,3,58
83,4,58
83,5,58
83,2,65
83,3,65
83,2,72
83,3,72
83,4,72
83,5,72
83,2,79
83,3,79
83,4,79
83,5,79
83,6,79
83,7,79
83,4,86
83,5,86
83,6,86
83,7,86
83,0,87
83,1,87
83,4,88
83,5,88
83,6,88
83,7,88
83,0,89
83,1,89
83,4,93
83,5,93
83,6,93
83,7,93
83,0,94
83,1,94
83,6,94
83,7,94
83,0,95
83,1,95
83,2,95
83,3,95
83,4,95
83,5,95
83,6,95
83,7,95
83,0,96
83,1,96
83,4,100
83,5,100
83,6,100
83,7,100
83,0,101
83,1,101
83,2,101
83,3,101
83,4,101
83,5,101
83,6,101
83,7,101
83,0,102
83,1,102
83,2,102
83,3,102
83,4,102
83,5,102
83,0,103
83,1,103
83,2,103
83,3,103
83,4,103
83,5,103
83,4,107
83,5,107
83,6,107
83,7,107
83,0,108
83,1,108
83,2,108
83,3,108
83,4,108
83,5,108
83,6,108
83,7,108
83,2,110
83,3,110
83,4,110
83,5,110
83,4,114
83,5,114
83,6,114
83,7,114
83,0,115
83,1,115
83,4,117
83,5,117
83,6,117
83,7,117
83,4,121
83,5,121
83,6,121
83,7,121
83,4,124
83,5,124
83,6,124
83,7,124
83,6,128
83,7,128
83,0,129
83,1,129
83,4,131
83,5,131
83,6,131
83,7,131
83,2,138
83,3,138
83,4,138
83,5,138
83,0,142
83,1,142
83,2,142
83,3,142
83,2,145
83,3,145
83,4,145
83,5,145
83,0,149
83,1,149
83,2,149
83,3,149
83,4,149
83,5,149
83,6,149
83,7,149
83,2,150
83,3,150
83,2,151
83,3,151
83,6,151
83,7,151
83,0,152
83,1,152
83,2,152
83,3,152
83,0,156
83,1,156
83,2,156
83,3,156
83,4,156
83,5,156
83,6,156
83,7,156
83,0,157
83,1,157
83,2,157
83,3,157
83,4,157
83,5,157
83,6,157
83,7,157
83,0,158
83,1,158
83,2,158
83,3,158
83,4,158
83,5,158
83,6,158
83,7,158
83,0,159
83,1,159
83,2,159
83,3,159
83,2,163
83,3,163
83,6,163
83,7,163
83,0,164
83,1,164
83,2,164
83,3,164
83,4,164
83,5,164
83,0,165
83,1,165
83,4,165
83,5,165
83,6,165
83,7,165
83,0,166
83,1,166
84,2,30
84,3,30
84,6,30
84,7,30
84,2,31
84,3,31
84,4,31
84,5,31
84,6,31
84,7,31
84,0,32
84,1,32
84,0,37
84,1,37
84,2,37
84,3,37
84,4,37
84,5,37
84,6,37
84,7,37
84,0,38
84,1,38
84,2,38
84,3,38
84,4,38
84,5,38
84,6,38
84,7,38
84,0,44
84,1,44
84,2,44
84,3,44
84,4,44
84,5,44
84,0,45
84,1,45
84,0,51
84,1,51
84,2,51
84,3,51
84,0,58
84,1,58
84,2,58
84,3,58
84,4,58
84,5,58
84,2,65
84,3,65
84,4,65
84,5,65
84,6,65
84,7,65
84,4,72
84,5,72
84,2,79
84,3,79
84,4,79
84,5,79
84,6,79
84,7,79
84,4,86
84,5,86
84,6,86
84,7,86
84,0,87
84,1,87
84,2,88
84,3,88
84,4,88
84,5,88
84,6,88
84,7,88
84,0,89
84,1,89
84,4,93
84,5,93
84,6,93
84,7,93
84,2,94
84,3,94
84,0,95
84,1,95
84,2,95
84,3,95
84,4,95
84,5,95
84,6,95
84,7,95
84,0,96
84,1,96
84,2,96
84,3,96
84,4,100
84,5,100
84,6,100
84,7,100
84,0,101
84,1,101
84,2,101
84,3,101
84,4,101
84,5,101
84,6,101
84,7,101
84,0,102
84,1,102
84,2,102
84,3,102
84,6,102
84,7,102
84,0,103
84,1,103
84,2,103
84,3,103
84,4,103
84,5,103
84,6,107
84,7,107
84,0,108
84,1,108
84,2,108
84,3,108
84,4,108
84,5,108
84,2,110
84,3,110
84,4,110
84,5,110
84,6,110
84,7,110
84,6,114
84,7,114
84,0,115
84,1,115
84,2,115
84,3,115
84,4,117
84,5,117
84,6,117
84,7,117
84,4,121
84,5,121
84,6,121
84,7,121
84,0,122
84,1,122
84,4,124
84,5,124
84,6,124
84,7,124
84,4,128
84,5,128
84,0,129
84,1,129
84,4,131
84,5,131
84,6,131
84,7,131
84,2,135
84,3,135
84,2,138
84,3,138
84,4,138
84,5,138
84,6,138
84,7,138
84,0,142
84,1,142
84,2,142
84,3,142
84,2,145
84,3,145
84,4,145
84,5,145
84,0,149
84,1,149
84,2,149
84,3,149
84,0,150
84,1,150
84,6,150
84,7,150
84,6,151
84,7,151
84,0,152
84,1,152
84,2,152
84,3,152
84,4,152
84,5,152
84,2,156
84,3,156
84,4,156
84,5,156
84,6,156
84,7,156
84,0,157
84,1,157
84,2,157
84,3,157
84,4,157
84,5,157
84,6,157
84,7,157
84,0,158
84,1,158
84,2,158
84,3,158
84,4,158
84,5,158
84,6,158
84,7,158
84,0,159
84,1,159
84,2,159
84,3,159
84,2,163
84,3,163
84,4,163
84,5,163
84,6,163
84,7,163
84,0,164
84,1,164
84,2,164
84,3,164
84,4,164
84,5,164
84,2,165
84,3,165
85,6,29
85,7,29
85,2,30
85,3,30
85,4,30
85,5,30
85,6,30
85,7,30
85,0,31
85,1,31
85,2,31
85,3,31
85,4,31
85,5,31
85,6,31
85,7,31
85,0,37
85,1,37
85,2,37
85,3,37
85,4,37
85,5,37
85,6,37
85,7,37
85,0,38
85,1,38
85,2,38
85,3,38
85,4,38
85,5,38
85,6,43
85,7,43
85,0,44
85,1,44
85,2,44
85,3,44
85,6,44
85,7,44
85,0,45
85,1,45
85,0,51
85,1,51
85,2,51
85,3,51
85,0,58
85,1,58
85,2,58
85,3,58
85,4,58
85,5,58
85,2,65
85,3,65
85,4,65
85,5,65
85,2,72
85,3,72
85,4,72
85,5,72
85,2,79
85,3,79
85,4,79
85,5,79
85,6,79
85,7,79
85,4,86
85,5,86
85,6,86
85,7,86
85,0,87
85,1,87
85,2,88
85,3,88
85,4,88
85,5,88
85,6,88
85,7,88
85,0,89
85,1,89
85,4,93
85,5,93
85,6,93
85,7,93
85,6,94
85,7,94
85,0,95
85,1,95
85,2,95
85,3,95
85,4,95
85,5,95
85,6,95
85,7,95
85,0,96
85,1,96
85,2,96
85,3,96
85,4,100
85,5,100
85,6,100
85,7,100
85,0,101
85,1,101
85,2,101
85,3,101
85,4,101
85,5,101
85,6,101
85,7,101
85,0,102
85,1,102
85,2,102
85,3,102
85,0,103
85,1,103
85,2,103
85,3,103
85,4,103
85,5,103
85,6,103
85,7,103
85,4,107
85,5,107
85,6,107
85,7,107
85,0,108
85,1,108
85,2,108
85,3,108
85,4,108
85,5,108
85,2,110
85,3,110
85,4,110
85,5,110
85,6,110
85,7,110
85,6,114
85,7,114
85,0,115
85,1,115
85,2,115
85,3,115
85,4,117
85,5,117
85,6,117
85,7,117
85,6,121
85,7,121
85,0,122
85,1,122
85,4,124
85,5,124
85,6,124
85,7,124
85,0,125
85,1,125
85,6,128
85,7,128
85,0,129
85,1,129
85,4,131
85,5,131
85,6,131
85,7,131
85,2,135
85,3,135
85,2,138
85,3,138
85,4,138
85,5,138
85,2,142
85,3,142
85,4,142
85,5,142
85,2,145
85,3,145
85,4,145
85,5,145
85,0,149
85,1,149
85,2,149
85,3,149
85,4,149
85,5,149
85,0,150
85,1,150
85,4,150
85,5,150
85,2,151
85,3,151
85,6,151
85,7,151
85,0,152
85,1,152
85,2,152
85,3,152
85,4,152
85,5,152
85,0,156
85,1,156
85,2,156
85,3,156
85,4,156
85,5,156
85,6,156
85,7,156
85,0,157
85,1,157
85,2,157
85,3,157
85,4,157
85,5,157
85,6,157
85,7,157
85,0,158
85,1,158
85,2,158
85,3,158
85,4,158
85,5,158
85,6,158
85,7,158
85,0,159
85,1,159
85,2,159
85,3,159
85,4,163
85,5,163
85,0,164
85,1,164
85,2,164
85,3,164
85,4,164
85,5,164
85,6,164
85,7,164
85,0,165
85,1,165
85,2,165
85,3,165
85,4,165
85,5,165
86,0,30
86,1,30
86,2,30
86,3,30
86,4,30
86,5,30
86,2,31
86,3,31
86,4,31
86,5,31
86,6,31
86,7,31
86,0,32
86,1,32
86,0,37
86,1,37
86,2,37
86,3,37
86,4,37
86,5,37
86,6,37
86,7,37
86,0,38
86,1,38
86,2,38
86,3,38
86,4,38
86,5,38
86,6,38
86,7,38
86,6,43
86,7,43
86,0,44
86,1,44
86,2,44
86,3,44
86,6,44
86,7,44
86,0,51
86,1,51
86,2,51
86,3,51
86,4,51
86,5,51
86,0,58
86,1,58
86,2,58
86,3,58
86,4,58
86,5,58
86,2,65
86,3,65
86,4,65
86,5,65
86,4,72
86,5,72
86,6,72
86,7,72
86,2,79
86,3,79
86,4,79
86,5,79
86,4,86
86,5,86
86,6,86
86,7,86
86,0,87
86,1,87
86,2,88
86,3,88
86,4,88
86,5,88
86,6,88
86,7,88
86,0,89
86,1,89
86,4,93
86,5,93
86,6,93
86,7,93
86,2,94
86,3,94
86,4,94
86,5,94
86,6,94
86,7,94
86,0,95
86,1,95
86,2,95
86,3,95
86,4,95
86,5,95
86,6,95
86,7,95
86,0,96
86,1,96
86,2,96
86,3,96
86,6,100
86,7,100
86,0,101
86,1,101
86,2,101
86,3,101
86,4,101
86,5,101
86,6,101
86,7,101
86,0,102
86,1,102
86,2,102
86,3,102
86,6,102
86,7,102
86,0,103
86,1,103
86,2,103
86,3,103
86,6,107
86,7,107
86,0,108
86,1,108
86,2,108
86,3,108
86,4,108
86,5,108
86,6,108
86,7,108
86,4,110
86,5,110
86,6,110
86,7,110
86,4,114
86,5,114
86,6,114
86,7,114
86,0,115
86,1,115
86,2,115
86,3,115
86,4,117
86,5,117
86,6,117
86,7,117
86,4,121
86,5,121
86,6,121
86,7,121
86,4,124
86,5,124
86,6,124
86,7,124
86,0,125
86,1,125
86,6,128
86,7,128
86,0,129
86,1,129
86,2,131
86,3,131
86,4,131
86,5,131
86,6,131
86,7,131
86,2,138
86,3,138
86,4,138
86,5,138
86,6,138
86,7,138
86,2,142
86,3,142
86,2,145
86,3,145
86,4,145
86,5,145
86,6,145
86,7,145
86,0,149
86,1,149
86,2,149
86,3,149
86,4,149
86,5,149
86,0,150
86,1,150
86,2,151
86,3,151
86,6,151
86,7,151
86,0,152
86,1,152
86,2,152
86,3,152
86,4,152
86,5,152
86,0,156
86,1,156
86,2,156
86,3,156
86,4,156
86,5,156
86,6,156
86,7,156
86,0,157
86,1,157
86,2,157
86,3,157
86,4,157
86,5,157
86,6,157
86,7,157
86,0,158
86,1,158
86,2,158
86,3,158
86,4,158
86,5,158
86,6,158
86,7,158
86,0,159
86,1,159
86,4,163
86,5,163
86,0,164
86,1,164
86,2,164
86,3,164
86,6,164
86,7,164
86,2,165
86,3,165
86,4,165
86,5,165
86,6,165
86,7,165
87,0,30
87,1,30
87,2,30
87,3,30
87,4,30
87,5,30
87,2,31
87,3,31
87,4,31
87,5,31
87,6,31
87,7,31
87,0,32
87,1,32
87,0,37
87,1,37
87,2,37
87,3,37
87,4,37
87,5,37
87,6,37
87,7,37
87,0,38
87,1,38
87,2,38
87,3,38
87,4,38
87,5,38
87,0,39
87,1,39
87,0,44
87,1,44
87,2,44
87,3,44
87,6,44
87,7,44
87,2,45
87,3,45
87,4,45
87,5,45
87,0,51
87,1,51
87,2,51
87,3,51
87,0,58
87,1,58
87,2,58
87,3,58
87,4,58
87,5,58
87,2,65
87,3,65
87,4,65
87,5,65
87,6,65
87,7,65
87,4,72
87,5,72
87,6,72
87,7,72
87,4,79
87,5,79
87,6,79
87,7,79
87,4,86
87,5,86
87,6,86
87,7,86
87,0,87
87,1,87
87,4,88
87,5,88
87,6,88
87,7,88
87,0,89
87,1,89
87,2,89
87,3,89
87,4,93
87,5,93
87,6,93
87,7,93
87,6,94
87,7,94
87,0,95
87,1,95
87,2,95
87,3,95
87,4,95
87,5,95
87,6,95
87,7,95
87,0,96
87,1,96
87,2,96
87,3,96
87,4,100
87,5,100
87,6,100
87,7,100
87,0,101
87,1,101
87,2,101
87,3,101
87,4,101
87,5,101
87,6,101
87,7,101
87,0,102
87,1,102
87,2,102
87,3,102
87,0,103
87,1,103
87,2,103
87,3,103
87,4,103
87,5,103
87,6,107
87,7,107
87,0,108
87,1,108
87,2,108
87,3,108
87,4,108
87,5,108
87,0,109
87,1,109
87,4,110
87,5,110
87,6,114
87,7,114
87,0,115
87,1,115
87,4,117
87,5,117
87,6,117
87,7,117
87,6,121
87,7,121
87,0,122
87,1,122
87,4,124
87,5,124
87,6,124
87,7,124
87,0,125
87,1,125
87,4,128
87,5,128
87,4,131
87,5,131
87,6,131
87,7,131
87,2,135
87,3,135
87,4,138
87,5,138
87,6,138
87,7,138
87,0,142
87,1,142
87,2,142
87,3,142
87,2,145
87,3,145
87,4,145
87,5,145
87,0,149
87,1,149
87,2,149
87,3,149
87,4,149
87,5,149
87,0,150
87,1,150
87,4,150
87,5,150
87,6,150
87,7,150
87,0,151
87,1,151
87,4,151
87,5,151
87,6,151
87,7,151
87,0,152
87,1,152
87,2,152
87,3,152
87,0,156
87,1,156
87,2,156
87,3,156
87,4,156
87,5,156
87,6,156
87,7,156
87,0,157
87,1,157
87,2,157
87,3,157
87,4,157
87,5,157
87,6,157
87,7,157
87,0,158
87,1,158
87,2,158
87,3,158
87,4,158
87,5,158
87,6,158
87,7,158
87,0,159
87,1,159
87,4,163
87,5,163
87,6,163
87,7,163
87,0,164
87,1,164
87,2,164
87,3,164
87,6,164
87,7,164
87,0,165
87,1,165
87,2,165
87,3,165
87,6,165
87,7,165
88,2,30
88,3,30
88,4,30
88,5,30
88,6,30
88,7,30
88,0,31
88,1,31
88,2,31
88,3,31
88,4,31
88,5,31
88,6,31
88,7,31
88,0,32
88,1,32
88,0,37
88,1,37
88,4,37
88,5,37
88,6,37
88,7,37
88,0,38
88,1,38
88,2,38
88,3,38
88,4,38
88,5,38
88,6,38
88,7,38
88,6,43
88,7,43
88,0,44
88,1,44
88,2,44
88,3,44
88,6,44
88,7,44
88,2,45
88,3,45
88,0,51
88,1,51
88,2,51
88,3,51
88,4,51
88,5,51
88,2,58
88,3,58
88,0,65
88,1,65
88,2,65
88,3,65
88,4,65
88,5,65
88,6,65
88,7,65
88,2,72
88,3,72
88,4,72
88,5,72
88,2,79
88,3,79
88,4,79
88,5,79
88,4,86
88,5,86
88,6,86
88,7,86
88,0,87
88,1,87
88,4,88
88,5,88
88,6,88
88,7,88
88,0,89
88,1,89
88,4,93
88,5,93
88,6,93
88,7,93
88,0,94
88,1,94
88,6,94
88,7,94
88,0,95
88,1,95
88,2,95
88,3,95
88,4,95
88,5,95
88,6,95
88,7,95
88,0,96
88,1,96
88,2,96
88,3,96
88,4,96
88,5,96
88,4,100
88,5,100
88,6,100
88,7,100
88,0,101
88,1,101
88,2,101
88,3,101
88,4,101
88,5,101
88,6,101
88,7,101
88,0,102
88,1,102
88,2,102
88,3,102
88,0,103
88,1,103
88,2,103
88,3,103
88,4,103
88,5,103
88,6,107
88,7,107
88,0,108
88,1,108
88,2,108
88,3,108
88,4,108
88,5,108
88,2,110
88,3,110
88,4,110
88,5,110
88,6,110
88,7,110
88,6,114
88,7,114
88,0,115
88,1,115
88,4,117
88,5,117
88,6,117
88,7,117
88,6,121
88,7,121
88,4,124
88,5,124
88,6,124
88,7,124
88,6,128
88,7,128
88,0,129
88,1,129
88,4,131
88,5,131
88,6,131
88,7,131
88,2,135
88,3,135
88,2,138
88,3,138
88,4,138
88,5,138
88,6,138
88,7,138
88,0,142
88,1,142
88,2,142
88,3,142
88,0,145
88,1,145
88,2,145
88,3,145
88,4,145
88,5,145
88,0,149
88,1,149
88,2,149
88,3,149
88,6,149
88,7,149
88,2,150
88,3,150
88,6,150
88,7,150
88,0,152
88,1,152
88,2,152
88,3,152
88,2,156
88,3,156
88,4,156
88,5,156
88,6,156
88,7,156
88,0,157
88,1,157
88,2,157
88,3,157
88,4,157
88,5,157
88,6,157
88,7,157
88,0,158
88,1,158
88,2,158
88,3,158
88,4,158
88,5,158
88,6,158
88,7,158
88,0,159
88,1,159
88,2,159
88,3,159
88,2,163
88,3,163
88,0,164
88,1,164
88,2,164
88,3,164
88,4,164
88,5,164
88,6,164
88,7,164
88,0,165
88,1,165
89,0,30
89,1,30
89,2,30
89,3,30
89,4,30
89,5,30
89,0,31
89,1,31
89,2,31
89,3,31
89,4,31
89,5,31
89,6,31
89,7,31
89,0,32
89,1,32
89,6,36
89,7,36
89,0,37
89,1,37
89,2,37
89,3,37
89,4,37
89,5,37
89,6,37
89,7,37
89,0,38
89,1,38
89,2,38
89,3,38
89,4,38
89,5,38
89,0,39
89,1,39
89,6,43
89,7,43
89,0,44
89,1,44
89,2,44
89,3,44
89,6,44
89,7,44
89,0,51
89,1,51
89,2,51
89,3,51
89,0,58
89,1,58
89,2,58
89,3,58
89,4,58
89,5,58
89,0,65
89,1,65
89,2,65
89,3,65
89,4,65
89,5,65
89,2,72
89,3,72
89,4,72
89,5,72
89,6,72
89,7,72
89,2,79
89,3,79
89,4,79
89,5,79
89,6,79
89,7,79
89,4,86
89,5,86
89,6,86
89,7,86
89,2,88
89,3,88
89,4,88
89,5,88
89,6,88
89,7,88
89,0,89
89,1,89
89,4,93
89,5,93
89,6,93
89,7,93
89,0,94
89,1,94
89,0,95
89,1,95
89,2,95
89,3,95
89,4,95
89,5,95
89,6,95
89,7,95
89,0,96
89,1,96
89,2,96
89,3,96
89,4,100
89,5,100
89,6,100
89,7,100
89,0,101
89,1,101
89,2,101
89,3,101
89,4,101
89,5,101
89,6,101
89,7,101
89,0,102
89,1,102
89,0,103
89,1,103
89,2,103
89,3,103
89,4,103
89,5,103
89,6,107
89,7,107
89,0,108
89,1,108
89,2,108
89,3,108
89,4,108
89,5,108
89,6,108
89,7,108
89,6,110
89,7,110
89,4,114
89,5,114
89,6,114
89,7,114
89,0,115
89,1,115
89,4,117
89,5,117
89,6,117
89,7,117
89,6,121
89,7,121
89,0,122
89,1,122
89,4,124
89,5,124
89,6,124
89,7,124
89,6,128
89,7,128
89,0,129
89,1,129
89,2,131
89,3,131
89,4,131
89,5,131
89,6,131
89,7,131
89,2,138
89,3,138
89,4,138
89,5,138
89,6,138
89,7,138
89,0,142
89,1,142
89,2,142
89,3,142
89,2,145
89,3,145
89,4,145
89,5,145
89,0,149
89,1,149
89,2,149
89,3,149
89,4,149
89,5,149
89,0,150
89,1,150
89,4,151
89,5,151
89,6,151
89,7,151
89,0,152
89,1,152
89,2,152
89,3,152
89,4,152
89,5,152
89,0,156
89,1,156
89,2,156
89,3,156
89,4,156
89,5,156
89,6,156
89,7,156
89,0,157
89,1,157
89,2,157
89,3,157
89,4,157
89,5,157
89,6,157
89,7,157
89,0,158
89,1,158
89,2,158
89,3,158
89,4,158
89,5,158
89,6,158
89,7,158
89,0,159
89,1,159
89,2,159
89,3,159
89,2,163
89,3,163
89,4,163
89,5,163
89,6,163
89,7,163
89,0,164
89,1,164
89,2,164
89,3,164
89,6,164
89,7,164
89,0,165
89,1,165
89,2,165
89,3,165
89,4,165
89,5,165
89,6,165
89,7,165
90,0,30
90,1,30
90,2,30
90,3,30
90,4,30
90,5,30
90,6,30
90,7,30
90,0,31
90,1,31
90,2,31
90,3,31
90,4,31
90,5,31
90,6,31
90,7,31
90,0,32
90,1,32
90,2,32
90,3,32
90,0,37
90,1,37
90,2,37
90,3,37
90,4,37
90,5,37
90,6,37
90,7,37
90,0,38
90,1,38
90,2,38
90,3,38
90,4,38
90,5,38
90,0,39
90,1,39
90,0,44
90,1,44
90,2,44
90,3,44
90,4,44
90,5,44
90,0,51
90,1,51
90,2,51
90,3,51
90,2,58
90,3,58
90,4,58
90,5,58
90,2,65
90,3,65
90,4,65
90,5,65
90,2,72
90,3,72
90,4,72
90,5,72
90,4,79
90,5,79
90,4,86
90,5,86
90,6,86
90,7,86
90,0,87
90,1,87
90,4,88
90,5,88
90,6,88
90,7,88
90,0,89
90,1,89
90,4,93
90,5,93
90,6,93
90,7,93
90,0,94
90,1,94
90,6,94
90,7,94
90,0,95
90,1,95
90,2,95
90,3,95
90,4,95
90,5,95
90,6,95
90,7,95
90,0,96
90,1,96
90,2,96
90,3,96
90,4,100
90,5,100
90,6,100
90,7,100
90,0,101
90,1,101
90,2,101
90,3,101
90,4,101
90,5,101
90,6,101
90,7,101
90,0,102
90,1,102
90,2,102
90,3,102
90,0,103
90,1,103
90,2,103
90,3,103
90,4,103
90,5,103
90,6,107
90,7,107
90,0,108
90,1,108
90,2,108
90,3,108
90,4,108
90,5,108
90,0,109
90,1,109
90,2,110
90,3,110
90,4,110
90,5,110
90,6,110
90,7,110
90,6,114
90,7,114
90,0,115
90,1,115
90,2,115
90,3,115
90,4,117
90,5,117
90,6,117
90,7,117
90,4,121
90,5,121
90,6,121
90,7,121
90,0,122
90,1,122
90,4,124
90,5,124
90,6,124
90,7,124
90,6,128
90,7,128
90,0,129
90,1,129
90,2,131
90,3,131
90,4,131
90,5,131
90,6,131
90,7,131
90,2,135
90,3,135
90,4,138
90,5,138
90,6,138
90,7,138
90,2,142
90,3,142
90,0,145
90,1,145
90,2,145
90,3,145
90,4,145
90,5,145
90,2,149
90,3,149
90,0,150
90,1,150
90,4,151
90,5,151
90,6,151
90,7,151
90,0,152
90,1,152
90,2,152
90,3,152
90,4,152
90,5,152
90,2,156
90,3,156
90,4,156
90,5,156
90,6,156
90,7,156
90,0,157
90,1,157
90,2,157
90,3,157
90,4,157
90,5,157
90,6,157
90,7,157
90,0,158
90,1,158
90,2,158
90,3,158
90,4,158
90,5,158
90,6,158
90,7,158
90,0,159
90,1,159
90,2,159
90,3,159
90,4,163
90,5,163
90,6,163
90,7,163
90,0,164
90,1,164
90,2,164
90,3,164
90,4,164
90,5,164
90,0,165
90,1,165
90,2,165
90,3,165
90,4,165
90,5,165
90,6,165
90,7,165
91,0,30
91,1,30
91,2,30
91,3,30
91,6,30
91,7,30
91,0,31
91,1,31
91,4,31
91,5,31
91,6,31
91,7,31
91,0,32
91,1,32
91,0,37
91,1,37
91,2,37
91,3,37
91,4,37
91,5,37
91,6,37
91,7,37
91,0,38
91,1,38
91,2,38
91,3,38
91,4,38
91,5,38
91,6,38
91,7,38
91,0,39
91,1,39
91,2,39
91,3,39
91,6,43
91,7,43
91,0,44
91,1,44
91,2,44
91,3,44
91,4,44
91,5,44
91,6,44
91,7,44
91,0,45
91,1,45
91,0,51
91,1,51
91,2,51
91,3,51
91,4,51
91,5,51
91,2,58
91,3,58
91,4,58
91,5,58
91,2,65
91,3,65
91,4,65
91,5,65
91,6,65
91,7,65
91,4,72
91,5,72
91,4,79
91,5,79
91,6,79
91,7,79
91,4,86
91,5,86
91,6,86
91,7,86
91,0,87
91,1,87
91,2,88
91,3,88
91,4,88
91,5,88
91,6,88
91,7,88
91,0,89
91,1,89
91,4,93
91,5,93
91,6,93
91,7,93
91,0,94
91,1,94
91,6,94
91,7,94
91,0,95
91,1,95
91,2,95
91,3,95
91,4,95
91,5,95
91,6,95
91,7,95
91,0,96
91,1,96
91,2,96
91,3,96
91,4,100
91,5,100
91,6,100
91,7,100
91,0,101
91,1,101
91,2,101
91,3,101
91,4,101
91,5,101
91,6,101
91,7,101
91,0,102
91,1,102
91,2,102
91,3,102
91,6,102
91,7,102
91,0,103
91,1,103
91,2,103
91,3,103
91,4,103
91,5,103
91,6,103
91,7,103
91,4,107
91,5,107
91,6,107
91,7,107
91,0,108
91,1,108
91,2,108
91,3,108
91,6,108
91,7,108
91,2,110
91,3,110
91,4,110
91,5,110
91,6,110
91,7,110
91,4,114
91,5,114
91,6,114
91,7,114
91,0,115
91,1,115
91,4,117
91,5,117
91,6,117
91,7,117
91,4,121
91,5,121
91,6,121
91,7,121
91,0,122
91,1,122
91,4,124
91,5,124
91,6,124
91,7,124
91,0,125
91,1,125
91,4,128
91,5,128
91,6,128
91,7,128
91,0,129
91,1,129
91,4,131
91,5,131
91,6,131
91,7,131
91,2,138
91,3,138
91,4,138
91,5,138
91,6,138
91,7,138
91,2,142
91,3,142
91,2,145
91,3,145
91,4,145
91,5,145
91,6,145
91,7,145
91,0,149
91,1,149
91,2,149
91,3,149
91,4,149
91,5,149
91,4,150
91,5,150
91,0,151
91,1,151
91,2,151
91,3,151
91,0,152
91,1,152
91,2,152
91,3,152
91,4,152
91,5,152
91,2,156
91,3,156
91,4,156
91,5,156
91,6,156
91,7,156
91,0,157
91,1,157
91,2,157
91,3,157
91,4,157
91,5,157
91,6,157
91,7,157
91,0,158
91,1,158
91,2,158
91,3,158
91,4,158
91,5,158
91,6,158
91,7,158
91,2,159
91,3,159
91,2,163
91,3,163
91,6,163
91,7,163
91,0,165
91,1,165
91,2,165
91,3,165
91,4,165
91,5,165
92,0,30
92,1,30
92,2,30
92,3,30
92,6,30
92,7,30
92,2,31
92,3,31
92,4,31
92,5,31
92,6,31
92,7,31
92,0,32
92,1,32
92,6,36
92,7,36
92,0,37
92,1,37
92,2,37
92,3,37
92,4,37
92,5,37
92,6,37
92,7,37
92,0,38
92,1,38
92,2,38
92,3,38
92,4,38
92,5,38
92,6,38
92,7,38
92,0,44
92,1,44
92,2,44
92,3,44
92,6,44
92,7,44
92,0,45
92,1,45
92,0,51
92,1,51
92,2,51
92,3,51
92,0,58
92,1,58
92,2,58
92,3,58
92,4,58
92,5,58
92,2,65
92,3,65
92,4,65
92,5,65
92,4,72
92,5,72
92,2,79
92,3,79
92,4,79
92,5,79
92,6,79
92,7,79
92,4,86
92,5,86
92,6,86
92,7,86
92,0,88
92,1,88
92,4,88
92,5,88
92,6,88
92,7,88
92,0,89
92,1,89
92,4,93
92,5,93
92,6,93
92,7,93
92,0,94
92,1,94
92,0,95
92,1,95
92,2,95
92,3,95
92,4,95
92,5,95
92,6,95
92,7,95
92,0,96
92,1,96
92,2,96
92,3,96
92,4,100
92,5,100
92,6,100
92,7,100
92,0,101
92,1,101
92,2,101
92,3,101
92,4,101
92,5,101
92,6,101
92,7,101
92,0,102
92,1,102
92,2,102
92,3,102
92,0,103
92,1,103
92,2,103
92,3,103
92,4,103
92,5,103
92,6,107
92,7,107
92,0,108
92,1,108
92,2,108
92,3,108
92,4,108
92,5,108
92,2,110
92,3,110
92,4,110
92,5,110
92,6,114
92,7,114
92,0,115
92,1,115
92,2,115
92,3,115
92,4,117
92,5,117
92,6,117
92,7,117
92,4,121
92,5,121
92,6,121
92,7,121
92,0,122
92,1,122
92,4,124
92,5,124
92,6,124
92,7,124
92,4,128
92,5,128
92,6,128
92,7,128
92,4,131
92,5,131
92,6,131
92,7,131
92,0,135
92,1,135
92,2,138
92,3,138
92,4,138
92,5,138
92,6,138
92,7,138
92,2,142
92,3,142
92,2,145
92,3,145
92,4,145
92,5,145
92,0,149
92,1,149
92,2,149
92,3,149
92,4,149
92,5,149
92,6,149
92,7,149
92,2,150
92,3,150
92,6,150
92,7,150
92,0,151
92,1,151
92,2,151
92,3,151
92,0,152
92,1,152
92,2,152
92,3,152
92,4,152
92,5,152
92,2,156
92,3,156
92,4,156
92,5,156
92,6,156
92,7,156
92,0,157
92,1,157
92,2,157
92,3,157
92,4,157
92,5,157
92,6,157
92,7,157
92,0,158
92,1,158
92,2,158
92,3,158
92,4,158
92,5,158
92,6,158
92,7,158
92,0,159
92,1,159
92,2,159
92,3,159
92,2,163
92,3,163
92,4,163
92,5,163
92,0,164
92,1,164
92,0,165
92,1,165
92,6,165
92,7,165
93,0,30
93,1,30
93,2,30
93,3,30
93,4,31
93,5,31
93,6,31
93,7,31
93,0,32
93,1,32
93,0,37
93,1,37
93,2,37
93,3,37
93,4,37
93,5,37
93,6,37
93,7,37
93,0,38
93,1,38
93,4,38
93,5,38
93,6,38
93,7,38
93,0,44
93,1,44
93,2,44
93,3,44
93,2,45
93,3,45
93,0,51
93,1,51
93,2,51
93,3,51
93,0,58
93,1,58
93,2,58
93,3,58
93,4,58
93,5,58
93,2,65
93,3,65
93,2,72
93,3,72
93,4,72
93,5,72
93,6,72
93,7,72
93,2,79
93,3,79
93,4,79
93,5,79
93,6,79
93,7,79
93,4,86
93,5,86
93,6,86
93,7,86
93,0,88
93,1,88
93,2,88
93,3,88
93,4,88
93,5,88
93,6,88
93,7,88
93,0,89
93,1,89
93,4,93
93,5,93
93,6,93
93,7,93
93,4,94
93,5,94
93,6,94
93,7,94
93,0,95
93,1,95
93,2,95
93,3,95
93,4,95
93,5,95
93,6,95
93,7,95
93,0,96
93,1,96
93,2,96
93,3,96
93,4,100
93,5,100
93,6,100
93,7,100
93,0,101
93,1,101
93,2,101
93,3,101
93,4,101
93,5,101
93,6,101
93,7,101
93,0,102
93,1,102
93,2,102
93,3,102
93,4,102
93,5,102
93,0,103
93,1,103
93,2,103
93,3,103
93,4,103
93,5,103
93,4,107
93,5,107
93,6,107
93,7,107
93,0,108
93,1,108
93,2,108
93,3,108
93,4,108
93,5,108
93,6,108
93,7,108
93,4,110
93,5,110
93,4,114
93,5,114
93,6,114
93,7,114
93,0,115
93,1,115
93,4,117
93,5,117
93,6,117
93,7,117
93,4,121
93,5,121
93,6,121
93,7,121
93,0,122
93,1,122
93,4,124
93,5,124
93,6,124
93,7,124
93,0,125
93,1,125
93,6,128
93,7,128
93,0,129
93,1,129
93,4,131
93,5,131
93,6,131
93,7,131
93,2,138
93,3,138
93,4,138
93,5,138
93,6,138
93,7,138
93,0,142
93,1,142
93,2,142
93,3,142
93,2,145
93,3,145
93,4,145
93,5,145
93,6,145
93,7,145
93,2,149
93,3,149
93,4,149
93,5,149
93,0,150
93,1,150
93,6,150
93,7,150
93,2,151
93,3,151
93,4,151
93,5,151
93,6,151
93,7,151
93,0,152
93,1,152
93,2,152
93,3,152
93,0,156
93,1,156
93,2,156
93,3,156
93,4,156
93,5,156
93,6,156
93,7,156
93,0,157
93,1,157
93,2,157
93,3,157
93,4,157
93,5,157
93,6,157
93,7,157
93,0,158
93,1,158
93,2,158
93,3,158
93,4,158
93,5,158
93,6,158
93,7,158
93,0,159
93,1,159
93,2,163
93,3,163
93,4,163
93,5,163
93,6,163
93,7,163
93,2,164
93,3,164
93,4,164
93,5,164
93,6,164
93,7,164
93,0,165
93,1,165
93,2,165
93,3,165
93,4,165
93,5,165
93,6,165
93,7,165
94,0,30
94,1,30
94,2,30
94,3,30
94,0,31
94,1,31
94,2,31
94,3,31
94,4,31
94,5,31
94,6,31
94,7,31
94,0,32
94,1,32
94,2,32
94,3,32
94,6,36
94,7,36
94,0,37
94,1,37
94,2,37
94,3,37
94,4,37
94,5,37
94,6,37
94,7,37
94,0,38
94,1,38
94,2,38
94,3,38
94,4,38
94,5,38
94,0,39
94,1,39
94,6,43
94,7,43
94,0,44
94,1,44
94,2,44
94,3,44
94,4,44
94,5,44
94,6,44
94,7,44
94,0,45
94,1,45
94,0,51
94,1,51
94,2,51
94,3,51
94,4,51
94,5,51
94,0,58
94,1,58
94,2,58
94,3,58
94,4,58
94,5,58
94,0,65
94,1,65
94,2,65
94,3,65
94,4,65
94,5,65
94,4,72
94,5,72
94,4,79
94,5,79
94,4,86
94,5,86
94,6,86
94,7,86
94,0,87
94,1,87
94,2,88
94,3,88
94,4,88
94,5,88
94,6,88
94,7,88
94,0,89
94,1,89
94,4,93
94,5,93
94,6,93
94,7,93
94,2,94
94,3,94
94,4,94
94,5,94
94,0,95
94,1,95
94,2,95
94,3,95
94,4,95
94,5,95
94,6,95
94,7,95
94,0,96
94,1,96
94,2,96
94,3,96
94,4,96
94,5,96
94,6,100
94,7,100
94,0,101
94,1,101
94,2,101
94,3,101
94,4,101
94,5,101
94,6,101
94,7,101
94,0,102
94,1,102
94,2,102
94,3,102
94,0,103
94,1,103
94,2,103
94,3,103
94,6,107
94,7,107
94,0,108
94,1,108
94,2,108
94,3,108
94,4,108
94,5,108
94,4,110
94,5,110
94,6,110
94,7,110
94,4,114
94,5,114
94,6,114
94,7,114
94,0,115
94,1,115
94,4,117
94,5,117
94,6,117
94,7,117
94,4,121
94,5,121
94,6,121
94,7,121
94,0,122
94,1,122
94,4,124
94,5,124
94,6,124
94,7,124
94,0,125
94,1,125
94,4,131
94,5,131
94,6,131
94,7,131
94,0,135
94,1,135
94,2,135
94,3,135
94,2,138
94,3,138
94,4,138
94,5,138
94,6,138
94,7,138
94,0,142
94,1,142
94,2,142
94,3,142
94,2,145
94,3,145
94,4,145
94,5,145
94,6,145
94,7,145
94,2,149
94,3,149
94,4,149
94,5,149
94,4,150
94,5,150
94,4,151
94,5,151
94,6,151
94,7,151
94,2,152
94,3,152
94,4,152
94,5,152
94,0,156
94,1,156
94,2,156
94,3,156
94,4,156
94,5,156
94,6,156
94,7,156
94,0,157
94,1,157
94,2,157
94,3,157
94,4,157
94,5,157
94,6,157
94,7,157
94,0,158
94,1,158
94,2,158
94,3,158
94,4,158
94,5,158
94,6,158
94,7,158
94,0,159
94,1,159
94,2,163
94,3,163
94,4,163
94,5,163
94,2,164
94,3,164
94,6,164
94,7,164
94,0,165
94,1,165
94,2,165
94,3,165
94,6,165
94,7,165
95,6,29
95,7,29
95,0,30
95,1,30
95,2,30
95,3,30
95,4,30
95,5,30
95,4,31
95,5,31
95,6,31
95,7,31
95,0,32
95,1,32
95,6,36
95,7,36
95,0,37
95,1,37
95,2,37
95,3,37
95,4,37
95,5,37
95,6,37
95,7,37
95,0,38
95,1,38
95,2,38
95,3,38
95,4,38
95,5,38
95,0,44
95,1,44
95,2,44
95,3,44
95,4,44
95,5,44
95,6,44
95,7,44
95,2,45
95,3,45
95,0,51
95,1,51
95,2,51
95,3,51
95,4,51
95,5,51
95,0,58
95,1,58
95,2,58
95,3,58
95,2,65
95,3,65
95,4,65
95,5,65
95,2,72
95,3,72
95,4,72
95,5,72
95,4,79
95,5,79
95,6,79
95,7,79
95,4,86
95,5,86
95,6,86
95,7,86
95,0,87
95,1,87
95,4,88
95,5,88
95,0,89
95,1,89
95,4,93
95,5,93
95,6,93
95,7,93
95,4,94
95,5,94
95,6,94
95,7,94
95,0,95
95,1,95
95,2,95
95,3,95
95,4,95
95,5,95
95,6,95
95,7,95
95,0,96
95,1,96
95,2,96
95,3,96
95,4,100
95,5,100
95,6,100
95,7,100
95,0,101
95,1,101
95,2,101
95,3,101
95,4,101
95,5,101
95,6,101
95,7,101
95,0,102
95,1,102
95,0,103
95,1,103
95,2,103
95,3,103
95,4,103
95,5,103
95,6,107
95,7,107
95,0,108
95,1,108
95,2,108
95,3,108
95,6,108
95,7,108
95,0,109
95,1,109
95,2,110
95,3,110
95,4,110
95,5,110
95,6,110
95,7,110
95,4,114
95,5,114
95,6,114
95,7,114
95,0,115
95,1,115
95,2,115
95,3,115
95,4,117
95,5,117
95,6,117
95,7,117
95,6,121
95,7,121
95,0,122
95,1,122
95,4,124
95,5,124
95,6,124
95,7,124
95,6,128
95,7,128
95,0,129
95,1,129
95,4,131
95,5,131
95,6,131
95,7,131
95,2,135
95,3,135
95,2,138
95,3,138
95,4,138
95,5,138
95,2,142
95,3,142
95,2,145
95,3,145
95,4,145
95,5,145
95,2,149
95,3,149
95,4,149
95,5,149
95,6,149
95,7,149
95,0,150
95,1,150
95,2,150
95,3,150
95,4,151
95,5,151
95,6,151
95,7,151
95,0,152
95,1,152
95,2,152
95,3,152
95,0,156
95,1,156
95,2,156
95,3,156
95,4,156
95,5,156
95,6,156
95,7,156
95,0,157
95,1,157
95,2,157
95,3,157
95,4,157
95,5,157
95,6,157
95,7,157
95,0,158
95,1,158
95,2,158
95,3,158
95,4,158
95,5,158
95,6,158
95,7,158
95,0,159
95,1,159
95,2,159
95,3,159
95,2,163
95,3,163
95,6,163
95,7,163
95,0,164
95,1,164
95,4,164
95,5,164
95,2,165
95,3,165
95,4,165
95,5,165
96,0,30
96,1,30
96,2,30
96,3,30
96,0,31
96,1,31
96,4,31
96,5,31
96,6,31
96,7,31
96,0,32
96,1,32
96,0,37
96,1,37
96,2,37
96,3,37
96,4,37
96,5,37
96,6,37
96,7,37
96,0,38
96,1,38
96,2,38
96,3,38
96,4,38
96,5,38
96,6,38
96,7,38
96,0,44
96,1,44
96,2,44
96,3,44
96,6,44
96,7,44
96,0,51
96,1,51
96,2,51
96,3,51
96,4,51
96,5,51
96,0,58
96,1,58
96,2,58
96,3,58
96,4,58
96,5,58
96,2,65
96,3,65
96,4,65
96,5,65
96,2,72
96,3,72
96,4,72
96,5,72
96,4,79
96,5,79
96,6,79
96,7,79
96,4,86
96,5,86
96,6,86
96,7,86
96,4,88
96,5,88
96,6,88
96,7,88
96,0,89
96,1,89
96,2,89
96,3,89
96,4,93
96,5,93
96,6,93
96,7,93
96,0,94
96,1,94
96,6,94
96,7,94
96,0,95
96,1,95
96,2,95
96,3,95
96,4,95
96,5,95
96,6,95
96,7,95
96,0,96
96,1,96
96,2,96
96,3,96
96,4,100
96,5,100
96,6,100
96,7,100
96,0,101
96,1,101
96,2,101
96,3,101
96,4,101
96,5,101
96,6,101
96,7,101
96,0,102
96,1,102
96,2,102
96,3,102
96,4,102
96,5,102
96,0,103
96,1,103
96,2,103
96,3,103
96,4,103
96,5,103
96,6,103
96,7,103
96,6,107
96,7,107
96,0,108
96,1,108
96,2,108
96,3,108
96,4,108
96,5,108
96,4,110
96,5,110
96,6,110
96,7,110
96,4,114
96,5,114
96,6,114
96,7,114
96,0,115
96,1,115
96,4,117
96,5,117
96,6,117
96,7,117
96,6,121
96,7,121
96,0,122
96,1,122
96,4,124
96,5,124
96,6,124
96,7,124
96,0,125
96,1,125
96,6,128
96,7,128
96,2,131
96,3,131
96,4,131
96,5,131
96,6,131
96,7,131
96,6,135
96,7,135
96,4,138
96,5,138
96,6,138
96,7,138
96,0,142
96,1,142
96,2,142
96,3,142
96,2,145
96,3,145
96,4,145
96,5,145
96,2,149
96,3,149
96,4,149
96,5,149
96,6,149
96,7,149
96,6,150
96,7,150
96,2,151
96,3,151
96,6,151
96,7,151
96,0,152
96,1,152
96,2,152
96,3,152
96,4,152
96,5,152
96,2,156
96,3,156
96,4,156
96,5,156
96,6,156
96,7,156
96,0,157
96,1,157
96,2,157
96,3,157
96,4,157
96,5,157
96,6,157
96,7,157
96,0,158
96,1,158
96,2,158
96,3,158
96,4,158
96,5,158
96,6,158
96,7,158
96,0,159
96,1,159
96,2,159
96,3,159
96,4,163
96,5,163
96,6,163
96,7,163
96,0,164
96,1,164
96,2,164
96,3,164
96,6,164
96,7,164
96,0,165
96,1,165
96,4,165
96,5,165
96,6,165
96,7,165
97,0,30
97,1,30
97,2,30
97,3,30
97,4,30
97,5,30
97,0,31
97,1,31
97,2,31
97,3,31
97,4,31
97,5,31
97,6,31
97,7,31
97,0,32
97,1,32
97,6,36
97,7,36
97,0,37
97,1,37
97,2,37
97,3,37
97,4,37
97,5,37
97,6,37
97,7,37
97,0,38
97,1,38
97,2,38
97,3,38
97,4,38
97,5,38
97,6,38
97,7,38
97,0,44
97,1,44
97,2,44
97,3,44
97,6,44
97,7,44
97,0,51
97,1,51
97,2,51
97,3,51
97,0,58
97,1,58
97,2,58
97,3,58
97,2,65
97,3,65
97,4,65
97,5,65
97,2,72
97,3,72
97,4,72
97,5,72
97,4,79
97,5,79
97,6,79
97,7,79
97,2,86
97,3,86
97,4,86
97,5,86
97,6,86
97,7,86
97,2,88
97,3,88
97,4,88
97,5,88
97,6,88
97,7,88
97,0,89
97,1,89
97,4,93
97,5,93
97,6,93
97,7,93
97,0,94
97,1,94
97,2,94
97,3,94
97,6,94
97,7,94
97,0,95
97,1,95
97,2,95
97,3,95
97,4,95
97,5,95
97,6,95
97,7,95
97,0,96
97,1,96
97,2,96
97,3,96
97,6,100
97,7,100
97,0,101
97,1,101
97,2,101
97,3,101
97,4,101
97,5,101
97,6,101
97,7,101
97,0,102
97,1,102
97,2,102
97,3,102
97,0,103
97,1,103
97,2,103
97,3,103
97,4,103
97,5,103
97,6,103
97,7,103
97,6,107
97,7,107
97,0,108
97,1,108
97,2,108
97,3,108
97,4,108
97,5,108
97,6,108
97,7,108
97,2,110
97,3,110
97,4,110
97,5,110
97,6,110
97,7,110
97,6,114
97,7,114
97,0,115
97,1,115
97,4,117
97,5,117
97,6,117
97,7,117
97,6,121
97,7,121
97,0,122
97,1,122
97,4,124
97,5,124
97,6,124
97,7,124
97,6,128
97,7,128
97,0,129
97,1,129
97,2,131
97,3,131
97,4,131
97,5,131
97,6,131
97,7,131
97,0,135
97,1,135
97,2,135
97,3,135
97,2,138
97,3,138
97,4,138
97,5,138
97,6,138
97,7,138
97,0,142
97,1,142
97,2,142
97,3,142
97,2,145
97,3,145
97,4,145
97,5,145
97,0,149
97,1,149
97,2,149
97,3,149
97,4,149
97,5,149
97,6,151
97,7,151
97,0,152
97,1,152
97,2,152
97,3,152
97,2,156
97,3,156
97,4,156
97,5,156
97,6,156
97,7,156
97,0,157
97,1,157
97,2,157
97,3,157
97,4,157
97,5,157
97,6,157
97,7,157
97,0,158
97,1,158
97,2,158
97,3,158
97,4,158
97,5,158
97,6,158
97,7,158
97,0,159
97,1,159
97,2,159
97,3,159
97,4,163
97,5,163
97,0,164
97,1,164
97,2,164
97,3,164
97,0,165
97,1,165
97,2,165
97,3,165
98,6,29
98,7,29
98,2,30
98,3,30
98,0,31
98,1,31
98,4,31
98,5,31
98,6,31
98,7,31
98,0,32
98,1,32
98,6,36
98,7,36
98,0,37
98,1,37
98,2,37
98,3,37
98,4,37
98,5,37
98,6,37
98,7,37
98,0,38
98,1,38
98,2,38
98,3,38
98,4,38
98,5,38
98,6,38
98,7,38
98,0,39
98,1,39
98,0,44
98,1,44
98,2,44
98,3,44
98,4,44
98,5,44
98,0,45
98,1,45
98,2,45
98,3,45
98,0,51
98,1,51
98,2,51
98,3,51
98,2,58
98,3,58
98,4,58
98,5,58
98,2,65
98,3,65
98,4,65
98,5,65
98,4,72
98,5,72
98,2,79
98,3,79
98,4,79
98,5,79
98,6,79
98,7,79
98,4,86
98,5,86
98,6,86
98,7,86
98,0,88
98,1,88
98,2,88
98,3,88
98,4,88
98,5,88
98,6,88
98,7,88
98,0,89
98,1,89
98,4,93
98,5,93
98,6,93
98,7,93
98,6,94
98,7,94
98,0,95
98,1,95
98,2,95
98,3,95
98,4,95
98,5,95
98,6,95
98,7,95
98,0,96
98,1,96
98,2,96
98,3,96
98,4,96
98,5,96
98,6,100
98,7,100
98,0,101
98,1,101
98,2,101
98,3,101
98,4,101
98,5,101
98,6,101
98,7,101
98,0,102
98,1,102
98,2,102
98,3,102
98,4,102
98,5,102
98,0,103
98,1,103
98,2,103
98,3,103
98,4,103
98,5,103
98,6,107
98,7,107
98,0,108
98,1,108
98,2,108
98,3,108
98,4,108
98,5,108
98,6,108
98,7,108
98,0,109
98,1,109
98,2,109
98,3,109
98,2,110
98,3,110
98,4,110
98,5,110
98,6,110
98,7,110
98,4,114
98,5,114
98,6,114
98,7,114
98,0,115
98,1,115
98,2,115
98,3,115
98,4,117
98,5,117
98,6,117
98,7,117
98,6,121
98,7,121
98,0,122
98,1,122
98,4,124
98,5,124
98,6,124
98,7,124
98,6,128
98,7,128
98,2,131
98,3,131
98,4,131
98,5,131
98,6,131
98,7,131
98,6,135
98,7,135
98,4,138
98,5,138
98,6,138
98,7,138
98,0,142
98,1,142
98,2,142
98,3,142
98,2,145
98,3,145
98,4,145
98,5,145
98,2,149
98,3,149
98,4,149
98,5,149
98,6,149
98,7,149
98,2,150
98,3,150
98,6,150
98,7,150
98,0,152
98,1,152
98,2,152
98,3,152
98,4,152
98,5,152
98,2,156
98,3,156
98,4,156
98,5,156
98,6,156
98,7,156
98,0,157
98,1,157
98,2,157
98,3,157
98,4,157
98,5,157
98,6,157
98,7,157
98,0,158
98,1,158
98,2,158
98,3,158
98,4,158
98,5,158
98,6,158
98,7,158
98,0,159
98,1,159
98,2,163
98,3,163
98,4,163
98,5,163
98,6,163
98,7,163
98,0,164
98,1,164
98,6,164
98,7,164
98,0,165
98,1,165
98,4,165
98,5,165
99,6,29
99,7,29
99,0,30
99,1,30
99,2,30
99,3,30
99,4,30
99,5,30
99,0,31
99,1,31
99,4,31
99,5,31
99,6,31
99,7,31
99,0,32
99,1,32
99,0,37
99,1,37
99,2,37
99,3,37
99,4,37
99,5,37
99,6,37
99,7,37
99,0,38
99,1,38
99,2,38
99,3,38
99,4,38
99,5,38
99,6,38
99,7,38
99,0,44
99,1,44
99,2,44
99,3,44
99,4,44
99,5,44
99,2,45
99,3,45
99,0,51
99,1,51
99,2,51
99,3,51
99,0,58
99,1,58
99,2,58
99,3,58
99,4,58
99,5,58
99,0,65
99,1,65
99,2,65
99,3,65
99,4,65
99,5,65
99,6,65
99,7,65
99,4,72
99,5,72
99,4,79
99,5,79
99,6,79
99,7,79
99,2,86
99,3,86
99,4,86
99,5,86
99,6,86
99,7,86
99,2,88
99,3,88
99,4,88
99,5,88
99,6,88
99,7,88
99,0,89
99,1,89
99,4,93
99,5,93
99,6,93
99,7,93
99,6,94
99,7,94
99,0,95
99,1,95
99,2,95
99,3,95
99,4,95
99,5,95
99,6,95
99,7,95
99,0,96
99,1,96
99,2,96
99,3,96
99,4,100
99,5,100
99,6,100
99,7,100
99,0,101
99,1,101
99,2,101
99,3,101
99,4,101
99,5,101
99,6,101
99,7,101
99,0,102
99,1,102
99,0,103
99,1,103
99,2,103
99,3,103
99,4,103
99,5,103
99,6,103
99,7,103
99,6,107
99,7,107
99,0,108
99,1,108
99,2,108
99,3,108
99,4,108
99,5,108
99,0,110
99,1,110
99,2,110
99,3,110
99,4,110
99,5,110
99,4,114
99,5,114
99,6,114
99,7,114
99,0,115
99,1,115
99,4,117
99,5,117
99,6,117
99,7,117
99,0,118
99,1,118
99,6,121
99,7,121
99,0,122
99,1,122
99,4,124
99,5,124
99,6,124
99,7,124
99,6,128
99,7,128
99,0,129
99,1,129
99,4,131
99,5,131
99,6,131
99,7,131
99,2,135
99,3,135
99,2,138
99,3,138
99,4,138
99,5,138
99,6,138
99,7,138
99,2,142
99,3,142
99,2,145
99,3,145
99,4,145
99,5,145
99,6,145
99,7,145
99,0,149
99,1,149
99,2,149
99,3,149
99,4,149
99,5,149
99,6,149
99,7,149
99,2,150
99,3,150
99,6,150
99,7,150
99,4,151
99,5,151
99,0,152
99,1,152
99,2,152
99,3,152
99,4,152
99,5,152
99,0,156
99,1,156
99,2,156
99,3,156
99,4,156
99,5,156
99,0,157
99,1,157
99,2,157
99,3,157
99,4,157
99,5,157
99,6,157
99,7,157
99,0,158
99,1,158
99,2,158
99,3,158
99,4,158
99,5,158
99,6,158
99,7,158
99,0,159
99,1,159
99,2,159
99,3,159
99,4,163
99,5,163
99,6,163
99,7,163
99,2,164
99,3,164
99,4,164
99,5,164
99,6,164
99,7,164
99,0,165
99,1,165
99,2,165
99,3,165
