0,4,30
0,5,30
0,0,31
0,1,31
0,2,31
0,3,31
0,4,31
0,5,31
0,6,31
0,7,31
0,4,37
0,5,37
0,6,37
0,7,37
0,0,38
0,1,38
0,2,38
0,3,38
0,4,38
0,5,38
0,6,38
0,7,38
0,0,39
0,1,39
0,2,39
0,3,39
0,4,39
0,5,39
0,4,44
0,5,44
0,6,44
0,7,44
0,0,46
0,1,46
0,2,46
0,3,46
0,4,46
0,5,46
0,6,46
0,7,46
0,0,47
0,1,47
0,2,51
0,3,51
0,4,51
0,5,51
0,6,51
0,7,51
0,4,53
0,5,53
0,6,53
0,7,53
0,0,54
0,1,54
0,2,54
0,3,54
0,2,58
0,3,58
0,4,58
0,5,58
0,6,60
0,7,60
0,0,61
0,1,61
0,2,61
0,3,61
0,4,65
0,5,65
0,6,65
0,7,65
0,2,72
0,3,72
0,4,72
0,5,72
0,6,72
0,7,72
0,0,73
0,1,73
0,0,79
0,1,79
0,2,79
0,3,79
0,4,79
0,5,79
0,2,86
0,3,86
0,4,86
0,5,86
0,6,86
0,7,86
0,0,87
0,1,87
0,2,87
0,3,87
0,4,87
0,5,87
0,2,93
0,3,93
0,4,93
0,5,93
0,6,93
0,7,93
0,0,94
0,1,94
0,2,94
0,3,94
0,4,94
0,5,94
0,6,94
0,7,94
0,0,95
0,1,95
0,0,100
0,1,100
0,2,100
0,3,100
0,4,100
0,5,100
0,6,100
0,7,100
0,0,101
0,1,101
0,2,101
0,3,101
0,4,101
0,5,101
0,6,101
0,7,101
0,0,102
0,1,102
0,2,102
0,3,102
0,0,107
0,1,107
0,2,107
0,3,107
0,4,107
0,5,107
0,6,107
0,7,107
0,0,108
0,1,108
0,2,108
0,3,108
0,2,109
0,3,109
0,4,109
0,5,109
0,0,114
0,1,114
0,2,114
0,3,114
0,4,114
0,5,114
0,6,114
0,7,114
0,2,116
0,3,116
0,4,116
0,5,116
0,6,116
0,7,116
0,0,121
0,1,121
0,2,121
0,3,121
0,4,121
0,5,121
0,2,123
0,3,123
0,4,123
0,5,123
0,6,123
0,7,123
0,2,130
0,3,130
0,4,130
0,5,130
0,6,130
0,7,130
0,4,135
0,5,135
0,2,137
0,3,137
0,4,137
0,5,137
0,6,142
0,7,142
0,2,144
0,3,144
0,4,144
0,5,144
0,6,144
0,7,144
0,6,149
0,7,149
0,2,151
0,3,151
0,4,151
0,5,151
0,6,151
0,7,151
0,0,157
0,1,157
0,2,157
0,3,157
0,4,157
0,5,157
0,0,158
0,1,158
0,2,158
0,3,158
0,4,158
0,5,158
0,0,164
0,1,164
0,2,164
0,3,164
0,4,164
0,5,164
0,6,164
0,7,164
0,0,165
0,1,165
0,2,165
0,3,165
1,0,31
1,1,31
1,2,31
1,3,31
1,4,31
1,5,31
1,6,31
1,7,31
1,6,37
1,7,37
1,0,38
1,1,38
1,2,38
1,3,38
1,4,38
1,5,38
1,6,38
1,7,38
1,0,39
1,1,39
1,2,46
1,3,46
1,4,46
1,5,46
1,6,46
1,7,46
1,0,47
1,1,47
1,4,51
1,5,51
1,6,53
1,7,53
1,0,54
1,1,54
1,2,54
1,3,54
1,2,58
1,3,58
1,4,58
1,5,58
1,2,61
1,3,61
1,4,61
1,5,61
1,2,65
1,3,65
1,4,65
1,5,65
1,6,65
1,7,65
1,2,72
1,3,72
1,4,72
1,5,72
1,6,72
1,7,72
1,2,79
1,3,79
1,4,79
1,5,79
1,6,79
1,7,79
1,2,86
1,3,86
1,4,86
1,5,86
1,6,86
1,7,86
1,2,87
1,3,87
1,4,87
1,5,87
1,2,93
1,3,93
1,4,93
1,5,93
1,6,93
1,7,93
1,0,94
1,1,94
1,2,94
1,3,94
1,4,94
1,5,94
1,6,94
1,7,94
1,0,95
1,1,95
1,2,100
1,3,100
1,4,100
1,5,100
1,6,100
1,7,100
1,0,101
1,1,101
1,2,101
1,3,101
1,0,102
1,1,102
1,2,102
1,3,102
1,4,102
1,5,102
1,0,107
1,1,107
1,2,107
1,3,107
1,4,107
1,5,107
1,6,107
1,7,107
1,0,108
1,1,108
1,0,109
1,1,109
1,2,109
1,3,109
1,4,109
1,5,109
1,6,113
1,7,113
1,2,114
1,3,114
1,4,114
1,5,114
1,6,114
1,7,114
1,2,116
1,3,116
1,4,116
1,5,116
1,6,116
1,7,116
1,2,121
1,3,121
1,4,121
1,5,121
1,2,123
1,3,123
1,4,123
1,5,123
1,6,123
1,7,123
1,2,130
1,3,130
1,4,130
1,5,130
1,6,130
1,7,130
1,4,135
1,5,135
1,2,137
1,3,137
1,4,137
1,5,137
1,6,137
1,7,137
1,6,142
1,7,142
1,2,144
1,3,144
1,4,144
1,5,144
1,6,144
1,7,144
1,0,150
1,1,150
1,0,151
1,1,151
1,2,151
1,3,151
1,4,151
1,5,151
1,6,151
1,7,151
1,0,157
1,1,157
1,2,157
1,3,157
1,0,158
1,1,158
1,2,158
1,3,158
1,4,158
1,5,158
1,6,158
1,7,158
1,2,164
1,3,164
1,4,164
1,5,164
1,6,164
1,7,164
1,0,165
1,1,165
1,2,165
1,3,165
2,0,31
2,1,31
2,2,31
2,3,31
2,4,31
2,5,31
2,6,31
2,7,31
2,4,37
2,5,37
2,6,37
2,7,37
2,2,38
2,3,38
2,4,38
2,5,38
2,6,38
2,7,38
2,0,39
2,1,39
2,2,39
2,3,39
2,4,39
2,5,39
2,4,45
2,5,45
2,6,45
2,7,45
2,0,46
2,1,46
2,2,46
2,3,46
2,4,46
2,5,46
2,6,46
2,7,46
2,4,53
2,5,53
2,6,53
2,7,53
2,0,54
2,1,54
2,4,58
2,5,58
2,6,58
2,7,58
2,0,61
2,1,61
2,2,61
2,3,61
2,2,65
2,3,65
2,4,65
2,5,65
2,4,72
2,5,72
2,6,72
2,7,72
2,2,79
2,3,79
2,4,79
2,5,79
2,6,79
2,7,79
2,2,86
2,3,86
2,4,86
2,5,86
2,6,86
2,7,86
2,2,87
2,3,87
2,4,87
2,5,87
2,0,93
2,1,93
2,2,93
2,3,93
2,4,93
2,5,93
2,6,93
2,7,93
2,0,94
2,1,94
2,2,94
2,3,94
2,4,94
2,5,94
2,6,94
2,7,94
2,0,95
2,1,95
2,2,95
2,3,95
2,2,100
2,3,100
2,4,100
2,5,100
2,6,100
2,7,100
2,0,101
2,1,101
2,2,101
2,3,101
2,6,101
2,7,101
2,0,102
2,1,102
2,2,102
2,3,102
2,4,102
2,5,102
2,0,107
2,1,107
2,2,107
2,3,107
2,4,107
2,5,107
2,6,107
2,7,107
2,0,108
2,1,108
2,2,109
2,3,109
2,4,109
2,5,109
2,6,109
2,7,109
2,0,114
2,1,114
2,2,114
2,3,114
2,4,114
2,5,114
2,6,114
2,7,114
2,2,116
2,3,116
2,4,116
2,5,116
2,2,121
2,3,121
2,4,123
2,5,123
2,2,130
2,3,130
2,4,130
2,5,130
2,2,137
2,3,137
2,4,137
2,5,137
2,2,144
2,3,144
2,4,144
2,5,144
2,6,144
2,7,144
2,0,150
2,1,150
2,0,151
2,1,151
2,2,151
2,3,151
2,4,151
2,5,151
2,0,157
2,1,157
2,2,157
2,3,157
2,4,157
2,5,157
2,0,158
2,1,158
2,2,158
2,3,158
2,4,158
2,5,158
2,6,158
2,7,158
2,2,164
2,3,164
2,4,164
2,5,164
2,6,164
2,7,164
2,0,165
2,1,165
2,2,165
2,3,165
3,6,30
3,7,30
3,0,31
3,1,31
3,2,31
3,3,31
3,4,31
3,5,31
3,4,37
3,5,37
3,6,37
3,7,37
3,2,38
3,3,38
3,4,38
3,5,38
3,6,38
3,7,38
3,0,39
3,1,39
3,2,39
3,3,39
3,6,45
3,7,45
3,0,46
3,1,46
3,4,46
3,5,46
3,6,46
3,7,46
3,4,53
3,5,53
3,6,53
3,7,53
3,0,54
3,1,54
3,4,58
3,5,58
3,6,58
3,7,58
3,6,60
3,7,60
3,2,61
3,3,61
3,4,61
3,5,61
3,4,65
3,5,65
3,6,65
3,7,65
3,2,72
3,3,72
3,4,72
3,5,72
3,6,72
3,7,72
3,2,79
3,3,79
3,4,79
3,5,79
3,6,79
3,7,79
3,0,86
3,1,86
3,2,86
3,3,86
3,4,86
3,5,86
3,6,86
3,7,86
3,0,87
3,1,87
3,2,87
3,3,87
3,4,87
3,5,87
3,2,93
3,3,93
3,4,93
3,5,93
3,6,93
3,7,93
3,0,94
3,1,94
3,2,94
3,3,94
3,4,94
3,5,94
3,6,94
3,7,94
3,0,95
3,1,95
3,0,100
3,1,100
3,2,100
3,3,100
3,4,100
3,5,100
3,6,100
3,7,100
3,0,101
3,1,101
3,2,101
3,3,101
3,0,102
3,1,102
3,2,102
3,3,102
3,4,102
3,5,102
3,0,107
3,1,107
3,2,107
3,3,107
3,4,107
3,5,107
3,6,107
3,7,107
3,0,108
3,1,108
3,0,109
3,1,109
3,2,109
3,3,109
3,4,109
3,5,109
3,6,109
3,7,109
3,0,114
3,1,114
3,2,114
3,3,114
3,4,114
3,5,114
3,6,114
3,7,114
3,2,116
3,3,116
3,4,116
3,5,116
3,2,121
3,3,121
3,4,121
3,5,121
3,2,123
3,3,123
3,4,123
3,5,123
3,6,123
3,7,123
3,2,130
3,3,130
3,4,130
3,5,130
3,4,135
3,5,135
3,2,137
3,3,137
3,4,137
3,5,137
3,2,144
3,3,144
3,4,144
3,5,144
3,0,150
3,1,150
3,0,151
3,1,151
3,2,151
3,3,151
3,4,151
3,5,151
3,0,157
3,1,157
3,2,157
3,3,157
3,4,157
3,5,157
3,6,157
3,7,157
3,0,158
3,1,158
3,2,158
3,3,158
3,4,158
3,5,158
3,6,158
3,7,158
3,0,164
3,1,164
3,2,164
3,3,164
3,4,164
3,5,164
3,6,164
3,7,164
3,0,165
3,1,165
3,2,165
3,3,165
3,4,165
3,5,165
4,6,30
4,7,30
4,4,37
4,5,37
4,6,37
4,7,37
4,0,38
4,1,38
4,2,38
4,3,38
4,4,38
4,5,38
4,6,38
4,7,38
4,0,39
4,1,39
4,2,39
4,3,39
4,6,44
4,7,44
4,2,45
4,3,45
4,6,45
4,7,45
4,0,46
4,1,46
4,2,46
4,3,46
4,4,46
4,5,46
4,6,46
4,7,46
4,6,51
4,7,51
4,6,53
4,7,53
4,0,54
4,1,54
4,2,54
4,3,54
4,4,58
4,5,58
4,6,58
4,7,58
4,2,61
4,3,61
4,2,65
4,3,65
4,4,65
4,5,65
4,6,65
4,7,65
4,2,72
4,3,72
4,4,72
4,5,72
4,6,72
4,7,72
4,2,79
4,3,79
4,4,79
4,5,79
4,6,79
4,7,79
4,2,86
4,3,86
4,4,86
4,5,86
4,6,86
4,7,86
4,0,87
4,1,87
4,2,87
4,3,87
4,4,87
4,5,87
4,0,93
4,1,93
4,2,93
4,3,93
4,4,93
4,5,93
4,6,93
4,7,93
4,0,94
4,1,94
4,2,94
4,3,94
4,4,94
4,5,94
4,6,94
4,7,94
4,0,95
4,1,95
4,0,100
4,1,100
4,2,100
4,3,100
4,4,100
4,5,100
4,6,100
4,7,100
4,0,101
4,1,101
4,2,101
4,3,101
4,0,102
4,1,102
4,2,102
4,3,102
4,4,102
4,5,102
4,6,106
4,7,106
4,0,107
4,1,107
4,2,107
4,3,107
4,4,107
4,5,107
4,6,107
4,7,107
4,0,108
4,1,108
4,0,109
4,1,109
4,2,109
4,3,109
4,4,109
4,5,109
4,0,114
4,1,114
4,2,114
4,3,114
4,4,114
4,5,114
4,6,114
4,7,114
4,2,116
4,3,116
4,4,116
4,5,116
4,0,121
4,1,121
4,2,121
4,3,121
4,4,121
4,5,121
4,2,123
4,3,123
4,4,123
4,5,123
4,6,123
4,7,123
4,4,128
4,5,128
4,4,130
4,5,130
4,6,130
4,7,130
4,4,137
4,5,137
4,6,137
4,7,137
4,4,144
4,5,144
4,6,149
4,7,149
4,0,150
4,1,150
4,2,150
4,3,150
4,2,151
4,3,151
4,4,151
4,5,151
4,6,151
4,7,151
4,0,157
4,1,157
4,2,157
4,3,157
4,4,157
4,5,157
4,6,157
4,7,157
4,0,158
4,1,158
4,2,158
4,3,158
4,4,158
4,5,158
4,2,164
4,3,164
4,4,164
4,5,164
4,6,164
4,7,164
4,0,165
4,1,165
4,2,165
4,3,165
5,0,31
5,1,31
5,2,31
5,3,31
5,6,31
5,7,31
5,4,37
5,5,37
5,6,37
5,7,37
5,0,38
5,1,38
5,2,38
5,3,38
5,4,38
5,5,38
5,6,38
5,7,38
5,0,39
5,1,39
5,2,39
5,3,39
5,4,39
5,5,39
5,4,44
5,5,44
5,2,45
5,3,45
5,2,46
5,3,46
5,4,46
5,5,46
5,6,46
5,7,46
5,0,47
5,1,47
5,4,51
5,5,51
5,6,53
5,7,53
5,0,54
5,1,54
5,2,54
5,3,54
5,4,58
5,5,58
5,6,58
5,7,58
5,2,61
5,3,61
5,2,65
5,3,65
5,4,65
5,5,65
5,6,65
5,7,65
5,4,72
5,5,72
5,6,72
5,7,72
5,0,79
5,1,79
5,2,79
5,3,79
5,4,79
5,5,79
5,6,79
5,7,79
5,0,86
5,1,86
5,2,86
5,3,86
5,4,86
5,5,86
5,6,86
5,7,86
5,0,87
5,1,87
5,2,87
5,3,87
5,4,87
5,5,87
5,6,87
5,7,87
5,0,88
5,1,88
5,0,93
5,1,93
5,2,93
5,3,93
5,4,93
5,5,93
5,6,93
5,7,93
5,0,94
5,1,94
5,2,94
5,3,94
5,4,94
5,5,94
5,6,94
5,7,94
5,0,95
5,1,95
5,0,100
5,1,100
5,2,100
5,3,100
5,4,100
5,5,100
5,6,100
5,7,100
5,0,101
5,1,101
5,2,101
5,3,101
5,4,101
5,5,101
5,6,101
5,7,101
5,0,102
5,1,102
5,2,102
5,3,102
5,0,107
5,1,107
5,2,107
5,3,107
5,4,107
5,5,107
5,6,107
5,7,107
5,0,108
5,1,108
5,2,109
5,3,109
5,4,109
5,5,109
5,0,114
5,1,114
5,2,114
5,3,114
5,4,114
5,5,114
5,6,114
5,7,114
5,0,115
5,1,115
5,0,116
5,1,116
5,2,116
5,3,116
5,4,116
5,5,116
5,6,116
5,7,116
5,2,121
5,3,121
5,4,121
5,5,121
5,2,123
5,3,123
5,4,123
5,5,123
5,6,123
5,7,123
5,4,130
5,5,130
5,6,130
5,7,130
5,4,135
5,5,135
5,2,137
5,3,137
5,4,137
5,5,137
5,6,137
5,7,137
5,4,142
5,5,142
5,6,142
5,7,142
5,4,144
5,5,144
5,6,144
5,7,144
5,6,149
5,7,149
5,0,150
5,1,150
5,2,151
5,3,151
5,4,151
5,5,151
5,0,157
5,1,157
5,2,157
5,3,157
5,6,157
5,7,157
5,0,158
5,1,158
5,2,158
5,3,158
5,4,158
5,5,158
5,6,158
5,7,158
5,0,164
5,1,164
5,4,164
5,5,164
5,6,164
5,7,164
5,0,165
5,1,165
5,2,165
5,3,165
5,6,165
5,7,165
6,6,30
6,7,30
6,0,31
6,1,31
6,2,31
6,3,31
6,4,31
6,5,31
6,4,37
6,5,37
6,6,37
6,7,37
6,0,38
6,1,38
6,2,38
6,3,38
6,4,38
6,5,38
6,6,38
6,7,38
6,0,39
6,1,39
6,2,39
6,3,39
6,4,44
6,5,44
6,6,44
6,7,44
6,6,45
6,7,45
6,2,46
6,3,46
6,4,46
6,5,46
6,6,46
6,7,46
6,0,47
6,1,47
6,4,51
6,5,51
6,2,53
6,3,53
6,6,53
6,7,53
6,0,54
6,1,54
6,2,58
6,3,58
6,4,58
6,5,58
6,6,58
6,7,58
6,0,59
6,1,59
6,2,61
6,3,61
6,4,65
6,5,65
6,6,65
6,7,65
6,4,72
6,5,72
6,6,72
6,7,72
6,2,79
6,3,79
6,4,79
6,5,79
6,6,79
6,7,79
6,2,86
6,3,86
6,4,86
6,5,86
6,6,86
6,7,86
6,6,87
6,7,87
6,2,93
6,3,93
6,4,93
6,5,93
6,6,93
6,7,93
6,0,94
6,1,94
6,2,94
6,3,94
6,4,94
6,5,94
6,6,94
6,7,94
6,0,95
6,1,95
6,2,100
6,3,100
6,4,100
6,5,100
6,6,100
6,7,100
6,0,101
6,1,101
6,2,101
6,3,101
6,4,101
6,5,101
6,0,102
6,1,102
6,2,102
6,3,102
6,0,107
6,1,107
6,2,107
6,3,107
6,4,107
6,5,107
6,6,107
6,7,107
6,2,109
6,3,109
6,4,109
6,5,109
6,6,109
6,7,109
6,0,114
6,1,114
6,2,114
6,3,114
6,4,114
6,5,114
6,2,116
6,3,116
6,4,116
6,5,116
6,0,121
6,1,121
6,4,121
6,5,121
6,2,123
6,3,123
6,4,123
6,5,123
6,6,123
6,7,123
6,4,130
6,5,130
6,2,137
6,3,137
6,4,137
6,5,137
6,6,137
6,7,137
6,6,142
6,7,142
6,2,144
6,3,144
6,4,144
6,5,144
6,6,144
6,7,144
6,6,149
6,7,149
6,0,150
6,1,150
6,2,150
6,3,150
6,0,151
6,1,151
6,2,151
6,3,151
6,4,151
6,5,151
6,6,156
6,7,156
6,0,157
6,1,157
6,2,157
6,3,157
6,6,157
6,7,157
6,0,158
6,1,158
6,2,158
6,3,158
6,4,158
6,5,158
6,2,164
6,3,164
6,4,164
6,5,164
6,6,164
6,7,164
6,0,165
6,1,165
6,2,165
6,3,165
6,4,165
6,5,165
7,0,31
7,1,31
7,2,31
7,3,31
7,4,31
7,5,31
7,6,31
7,7,31
7,0,32
7,1,32
7,4,37
7,5,37
7,6,37
7,7,37
7,0,38
7,1,38
7,2,38
7,3,38
7,4,38
7,5,38
7,6,38
7,7,38
7,0,39
7,1,39
7,2,39
7,3,39
7,6,45
7,7,45
7,0,46
7,1,46
7,4,46
7,5,46
7,6,46
7,7,46
7,0,47
7,1,47
7,4,51
7,5,51
7,4,53
7,5,53
7,6,53
7,7,53
7,0,54
7,1,54
7,2,54
7,3,54
7,4,58
7,5,58
7,6,58
7,7,58
7,2,61
7,3,61
7,4,65
7,5,65
7,6,65
7,7,65
7,0,66
7,1,66
7,2,72
7,3,72
7,4,72
7,5,72
7,2,79
7,3,79
7,4,79
7,5,79
7,6,79
7,7,79
7,0,86
7,1,86
7,2,86
7,3,86
7,4,86
7,5,86
7,6,86
7,7,86
7,2,87
7,3,87
7,4,87
7,5,87
7,6,87
7,7,87
7,0,93
7,1,93
7,2,93
7,3,93
7,4,93
7,5,93
7,6,93
7,7,93
7,0,94
7,1,94
7,2,94
7,3,94
7,4,94
7,5,94
7,6,94
7,7,94
7,0,95
7,1,95
7,0,100
7,1,100
7,2,100
7,3,100
7,4,100
7,5,100
7,6,100
7,7,100
7,0,101
7,1,101
7,2,101
7,3,101
7,4,101
7,5,101
7,6,101
7,7,101
7,0,102
7,1,102
7,2,102
7,3,102
7,0,107
7,1,107
7,2,107
7,3,107
7,4,107
7,5,107
7,6,107
7,7,107
7,2,109
7,3,109
7,4,109
7,5,109
7,6,109
7,7,109
7,2,114
7,3,114
7,4,114
7,5,114
7,6,114
7,7,114
7,2,116
7,3,116
7,4,116
7,5,116
7,0,121
7,1,121
7,2,121
7,3,121
7,4,121
7,5,121
7,4,123
7,5,123
7,6,123
7,7,123
7,2,130
7,3,130
7,4,130
7,5,130
7,2,137
7,3,137
7,4,137
7,5,137
7,6,137
7,7,137
7,4,142
7,5,142
7,6,142
7,7,142
7,2,144
7,3,144
7,4,144
7,5,144
7,2,151
7,3,151
7,4,151
7,5,151
7,0,157
7,1,157
7,2,157
7,3,157
7,4,157
7,5,157
7,0,158
7,1,158
7,2,158
7,3,158
7,4,158
7,5,158
7,2,164
7,3,164
7,4,164
7,5,164
7,6,164
7,7,164
7,0,165
7,1,165
7,2,165
7,3,165
7,4,165
7,5,165
8,6,30
8,7,30
8,0,31
8,1,31
8,2,31
8,3,31
8,0,32
8,1,32
8,4,37
8,5,37
8,6,37
8,7,37
8,0,38
8,1,38
8,2,38
8,3,38
8,4,38
8,5,38
8,6,38
8,7,38
8,0,39
8,1,39
8,2,39
8,3,39
8,4,39
8,5,39
8,6,44
8,7,44
8,4,45
8,5,45
8,0,46
8,1,46
8,2,46
8,3,46
8,4,46
8,5,46
8,6,46
8,7,46
8,4,51
8,5,51
8,6,51
8,7,51
8,6,53
8,7,53
8,0,54
8,1,54
8,4,58
8,5,58
8,6,58
8,7,58
8,2,61
8,3,61
8,4,65
8,5,65
8,6,65
8,7,65
8,2,72
8,3,72
8,4,72
8,5,72
8,6,72
8,7,72
8,2,79
8,3,79
8,4,79
8,5,79
8,6,79
8,7,79
8,2,86
8,3,86
8,4,86
8,5,86
8,6,86
8,7,86
8,0,87
8,1,87
8,2,87
8,3,87
8,6,87
8,7,87
8,0,93
8,1,93
8,2,93
8,3,93
8,4,93
8,5,93
8,6,93
8,7,93
8,0,94
8,1,94
8,2,94
8,3,94
8,4,94
8,5,94
8,6,94
8,7,94
8,0,95
8,1,95
8,0,100
8,1,100
8,2,100
8,3,100
8,4,100
8,5,100
8,6,100
8,7,100
8,0,101
8,1,101
8,2,101
8,3,101
8,6,101
8,7,101
8,0,102
8,1,102
8,2,102
8,3,102
8,0,107
8,1,107
8,2,107
8,3,107
8,4,107
8,5,107
8,6,107
8,7,107
8,0,108
8,1,108
8,0,109
8,1,109
8,2,109
8,3,109
8,4,109
8,5,109
8,0,114
8,1,114
8,2,114
8,3,114
8,4,114
8,5,114
8,6,114
8,7,114
8,2,116
8,3,116
8,4,116
8,5,116
8,6,116
8,7,116
8,0,121
8,1,121
8,2,121
8,3,121
8,4,121
8,5,121
8,2,123
8,3,123
8,4,123
8,5,123
8,6,123
8,7,123
8,4,130
8,5,130
8,6,130
8,7,130
8,2,137
8,3,137
8,4,137
8,5,137
8,0,143
8,1,143
8,2,144
8,3,144
8,4,144
8,5,144
8,0,150
8,1,150
8,2,151
8,3,151
8,4,151
8,5,151
8,6,151
8,7,151
8,6,156
8,7,156
8,2,157
8,3,157
8,6,157
8,7,157
8,0,158
8,1,158
8,2,158
8,3,158
8,4,158
8,5,158
8,6,158
8,7,158
8,2,164
8,3,164
8,4,164
8,5,164
8,6,164
8,7,164
8,0,165
8,1,165
8,2,165
8,3,165
8,4,165
8,5,165
9,6,30
9,7,30
9,4,31
9,5,31
9,6,31
9,7,31
9,4,37
9,5,37
9,6,37
9,7,37
9,0,38
9,1,38
9,2,38
9,3,38
9,4,38
9,5,38
9,6,38
9,7,38
9,0,39
9,1,39
9,2,39
9,3,39
9,4,39
9,5,39
9,6,45
9,7,45
9,0,46
9,1,46
9,4,46
9,5,46
9,6,46
9,7,46
9,0,47
9,1,47
9,4,53
9,5,53
9,6,53
9,7,53
9,0,54
9,1,54
9,2,58
9,3,58
9,4,58
9,5,58
9,0,61
9,1,61
9,2,61
9,3,61
9,4,65
9,5,65
9,6,65
9,7,65
9,2,72
9,3,72
9,4,72
9,5,72
9,2,79
9,3,79
9,4,79
9,5,79
9,2,86
9,3,86
9,4,86
9,5,86
9,6,86
9,7,86
9,2,87
9,3,87
9,4,87
9,5,87
9,6,87
9,7,87
9,0,88
9,1,88
9,0,93
9,1,93
9,2,93
9,3,93
9,4,93
9,5,93
9,6,93
9,7,93
9,0,94
9,1,94
9,2,94
9,3,94
9,4,94
9,5,94
9,6,94
9,7,94
9,0,95
9,1,95
9,2,95
9,3,95
9,0,100
9,1,100
9,2,100
9,3,100
9,4,100
9,5,100
9,6,100
9,7,100
9,0,101
9,1,101
9,2,101
9,3,101
9,6,101
9,7,101
9,0,102
9,1,102
9,2,102
9,3,102
9,4,102
9,5,102
9,0,107
9,1,107
9,2,107
9,3,107
9,4,107
9,5,107
9,6,107
9,7,107
9,0,108
9,1,108
9,0,109
9,1,109
9,2,109
9,3,109
9,4,109
9,5,109
9,0,114
9,1,114
9,2,114
9,3,114
9,4,114
9,5,114
9,6,114
9,7,114
9,2,116
9,3,116
9,4,116
9,5,116
9,6,116
9,7,116
9,2,121
9,3,121
9,2,123
9,3,123
9,4,123
9,5,123
9,2,130
9,3,130
9,4,130
9,5,130
9,2,137
9,3,137
9,4,137
9,5,137
9,6,137
9,7,137
9,4,142
9,5,142
9,2,144
9,3,144
9,4,144
9,5,144
9,0,150
9,1,150
9,2,151
9,3,151
9,4,151
9,5,151
9,6,156
9,7,156
9,0,157
9,1,157
9,2,157
9,3,157
9,6,157
9,7,157
9,0,158
9,1,158
9,2,158
9,3,158
9,4,158
9,5,158
9,6,158
9,7,158
9,2,164
9,3,164
9,4,164
9,5,164
9,6,164
9,7,164
9,0,165
9,1,165
9,2,165
9,3,165
10,6,30
10,7,30
10,2,31
10,3,31
10,4,31
10,5,31
10,6,31
10,7,31
10,6,37
10,7,37
10,0,38
10,1,38
10,2,38
10,3,38
10,4,38
10,5,38
10,6,38
10,7,38
10,0,39
10,1,39
10,2,39
10,3,39
10,4,45
10,5,45
10,0,46
10,1,46
10,6,46
10,7,46
10,4,53
10,5,53
10,6,53
10,7,53
10,0,54
10,1,54
10,4,58
10,5,58
10,6,58
10,7,58
10,0,61
10,1,61
10,2,61
10,3,61
10,2,65
10,3,65
10,4,65
10,5,65
10,6,65
10,7,65
10,2,72
10,3,72
10,4,72
10,5,72
10,6,72
10,7,72
10,0,79
10,1,79
10,2,79
10,3,79
10,4,79
10,5,79
10,6,79
10,7,79
10,0,86
10,1,86
10,4,86
10,5,86
10,6,86
10,7,86
10,2,87
10,3,87
10,2,93
10,3,93
10,4,93
10,5,93
10,6,93
10,7,93
10,0,94
10,1,94
10,2,94
10,3,94
10,4,94
10,5,94
10,6,94
10,7,94
10,0,95
10,1,95
10,0,100
10,1,100
10,2,100
10,3,100
10,4,100
10,5,100
10,6,100
10,7,100
10,0,101
10,1,101
10,2,101
10,3,101
10,0,102
10,1,102
10,2,102
10,3,102
10,0,107
10,1,107
10,2,107
10,3,107
10,4,107
10,5,107
10,6,107
10,7,107
10,0,108
10,1,108
10,0,109
10,1,109
10,2,109
10,3,109
10,4,109
10,5,109
10,0,114
10,1,114
10,2,114
10,3,114
10,4,114
10,5,114
10,2,116
10,3,116
10,4,116
10,5,116
10,6,116
10,7,116
10,2,121
10,3,121
10,4,121
10,5,121
10,2,123
10,3,123
10,4,123
10,5,123
10,4,130
10,5,130
10,6,130
10,7,130
10,4,137
10,5,137
10,6,142
10,7,142
10,2,144
10,3,144
10,4,144
10,5,144
10,6,144
10,7,144
10,0,150
10,1,150
10,2,151
10,3,151
10,4,151
10,5,151
10,0,157
10,1,157
10,2,157
10,3,157
10,4,157
10,5,157
10,0,158
10,1,158
10,2,158
10,3,158
10,4,158
10,5,158
10,6,158
10,7,158
10,2,164
10,3,164
10,4,164
10,5,164
10,6,164
10,7,164
10,0,165
10,1,165
10,2,165
10,3,165
11,0,31
11,1,31
11,2,31
11,3,31
11,4,31
11,5,31
11,6,31
11,7,31
11,4,37
11,5,37
11,6,37
11,7,37
11,2,38
11,3,38
11,4,38
11,5,38
11,6,38
11,7,38
11,0,39
11,1,39
11,2,39
11,3,39
11,4,44
11,5,44
11,4,45
11,5,45
11,0,46
11,1,46
11,2,46
11,3,46
11,4,46
11,5,46
11,0,47
11,1,47
11,4,53
11,5,53
11,6,53
11,7,53
11,0,54
11,1,54
11,2,54
11,3,54
11,4,58
11,5,58
11,6,58
11,7,58
11,2,61
11,3,61
11,4,65
11,5,65
11,6,65
11,7,65
11,2,72
11,3,72
11,4,72
11,5,72
11,2,79
11,3,79
11,4,79
11,5,79
11,6,79
11,7,79
11,0,86
11,1,86
11,2,86
11,3,86
11,4,86
11,5,86
11,6,86
11,7,86
11,0,87
11,1,87
11,4,87
11,5,87
11,2,93
11,3,93
11,4,93
11,5,93
11,6,93
11,7,93
11,0,94
11,1,94
11,2,94
11,3,94
11,4,94
11,5,94
11,6,94
11,7,94
11,0,95
11,1,95
11,2,100
11,3,100
11,4,100
11,5,100
11,6,100
11,7,100
11,0,101
11,1,101
11,2,101
11,3,101
11,0,102
11,1,102
11,2,102
11,3,102
11,0,107
11,1,107
11,2,107
11,3,107
11,4,107
11,5,107
11,6,107
11,7,107
11,2,109
11,3,109
11,4,109
11,5,109
11,0,114
11,1,114
11,2,114
11,3,114
11,4,114
11,5,114
11,2,116
11,3,116
11,4,116
11,5,116
11,6,116
11,7,116
11,2,121
11,3,121
11,4,121
11,5,121
11,2,123
11,3,123
11,4,123
11,5,123
11,6,123
11,7,123
11,2,130
11,3,130
11,4,130
11,5,130
11,4,135
11,5,135
11,2,137
11,3,137
11,6,137
11,7,137
11,4,142
11,5,142
11,6,142
11,7,142
11,2,144
11,3,144
11,4,144
11,5,144
11,6,144
11,7,144
11,0,150
11,1,150
11,2,151
11,3,151
11,4,151
11,5,151
11,0,157
11,1,157
11,2,157
11,3,157
11,4,157
11,5,157
11,0,158
11,1,158
11,2,158
11,3,158
11,4,158
11,5,158
11,6,158
11,7,158
11,2,164
11,3,164
11,4,164
11,5,164
11,6,164
11,7,164
11,0,165
11,1,165
11,2,165
11,3,165
11,4,165
11,5,165
12,6,30
12,7,30
12,0,31
12,1,31
12,2,31
12,3,31
12,4,31
12,5,31
12,6,31
12,7,31
12,4,37
12,5,37
12,6,37
12,7,37
12,0,38
12,1,38
12,4,38
12,5,38
12,6,38
12,7,38
12,0,39
12,1,39
12,2,39
12,3,39
12,0,46
12,1,46
12,2,46
12,3,46
12,4,46
12,5,46
12,6,46
12,7,46
12,0,47
12,1,47
12,2,53
12,3,53
12,4,53
12,5,53
12,6,53
12,7,53
12,0,54
12,1,54
12,2,58
12,3,58
12,4,58
12,5,58
12,6,58
12,7,58
12,6,60
12,7,60
12,2,61
12,3,61
12,4,61
12,5,61
12,2,65
12,3,65
12,4,65
12,5,65
12,6,65
12,7,65
12,2,72
12,3,72
12,4,72
12,5,72
12,6,72
12,7,72
12,2,79
12,3,79
12,4,79
12,5,79
12,0,86
12,1,86
12,2,86
12,3,86
12,4,86
12,5,86
12,6,86
12,7,86
12,2,87
12,3,87
12,4,87
12,5,87
12,6,87
12,7,87
12,2,93
12,3,93
12,4,93
12,5,93
12,6,93
12,7,93
12,0,94
12,1,94
12,2,94
12,3,94
12,4,94
12,5,94
12,6,94
12,7,94
12,2,100
12,3,100
12,4,100
12,5,100
12,6,100
12,7,100
12,0,101
12,1,101
12,2,101
12,3,101
12,4,101
12,5,101
12,0,102
12,1,102
12,2,102
12,3,102
12,0,107
12,1,107
12,2,107
12,3,107
12,4,107
12,5,107
12,6,107
12,7,107
12,0,108
12,1,108
12,0,109
12,1,109
12,2,109
12,3,109
12,4,109
12,5,109
12,0,114
12,1,114
12,2,114
12,3,114
12,4,114
12,5,114
12,0,116
12,1,116
12,2,116
12,3,116
12,4,116
12,5,116
12,2,121
12,3,121
12,4,121
12,5,121
12,2,123
12,3,123
12,4,123
12,5,123
12,6,123
12,7,123
12,4,130
12,5,130
12,4,137
12,5,137
12,4,142
12,5,142
12,6,142
12,7,142
12,2,144
12,3,144
12,4,144
12,5,144
12,0,150
12,1,150
12,2,150
12,3,150
12,2,151
12,3,151
12,4,151
12,5,151
12,6,151
12,7,151
12,0,157
12,1,157
12,2,157
12,3,157
12,4,157
12,5,157
12,0,158
12,1,158
12,2,158
12,3,158
12,4,158
12,5,158
12,6,158
12,7,158
12,0,164
12,1,164
12,2,164
12,3,164
12,4,164
12,5,164
12,6,164
12,7,164
12,0,165
12,1,165
12,2,165
12,3,165
12,4,165
12,5,165
12,6,165
12,7,165
13,6,30
13,7,30
13,0,31
13,1,31
13,4,31
13,5,31
13,4,37
13,5,37
13,6,37
13,7,37
13,0,38
13,1,38
13,4,38
13,5,38
13,6,38
13,7,38
13,0,39
13,1,39
13,4,44
13,5,44
13,0,46
13,1,46
13,2,46
13,3,46
13,4,46
13,5,46
13,6,46
13,7,46
13,4,51
13,5,51
13,6,53
13,7,53
13,0,54
13,1,54
13,4,58
13,5,58
13,6,58
13,7,58
13,0,61
13,1,61
13,2,61
13,3,61
13,2,65
13,3,65
13,4,65
13,5,65
13,6,65
13,7,65
13,2,72
13,3,72
13,4,72
13,5,72
13,6,72
13,7,72
13,2,79
13,3,79
13,4,79
13,5,79
13,0,86
13,1,86
13,2,86
13,3,86
13,4,86
13,5,86
13,6,86
13,7,86
13,0,87
13,1,87
13,2,87
13,3,87
13,4,87
13,5,87
13,6,87
13,7,87
13,2,93
13,3,93
13,4,93
13,5,93
13,6,93
13,7,93
13,0,94
13,1,94
13,2,94
13,3,94
13,4,94
13,5,94
13,6,94
13,7,94
13,0,95
13,1,95
13,0,100
13,1,100
13,2,100
13,3,100
13,4,100
13,5,100
13,6,100
13,7,100
13,0,101
13,1,101
13,2,101
13,3,101
13,6,101
13,7,101
13,0,102
13,1,102
13,2,102
13,3,102
13,0,107
13,1,107
13,2,107
13,3,107
13,4,107
13,5,107
13,6,107
13,7,107
13,0,109
13,1,109
13,2,109
13,3,109
13,4,109
13,5,109
13,6,113
13,7,113
13,0,114
13,1,114
13,2,114
13,3,114
13,4,114
13,5,114
13,6,114
13,7,114
13,2,116
13,3,116
13,4,116
13,5,116
13,2,121
13,3,121
13,4,121
13,5,121
13,2,123
13,3,123
13,4,123
13,5,123
13,6,123
13,7,123
13,2,130
13,3,130
13,4,130
13,5,130
13,6,135
13,7,135
13,4,137
13,5,137
13,6,137
13,7,137
13,6,142
13,7,142
13,2,144
13,3,144
13,4,144
13,5,144
13,6,144
13,7,144
13,6,149
13,7,149
13,0,150
13,1,150
13,2,151
13,3,151
13,4,151
13,5,151
13,6,151
13,7,151
13,0,157
13,1,157
13,2,157
13,3,157
13,4,157
13,5,157
13,0,158
13,1,158
13,2,158
13,3,158
13,4,158
13,5,158
13,0,164
13,1,164
13,2,164
13,3,164
13,4,164
13,5,164
13,6,164
13,7,164
13,0,165
13,1,165
13,2,165
13,3,165
13,4,165
13,5,165
14,2,31
14,3,31
14,4,31
14,5,31
14,4,37
14,5,37
14,6,37
14,7,37
14,0,38
14,1,38
14,2,38
14,3,38
14,4,38
14,5,38
14,6,38
14,7,38
14,0,39
14,1,39
14,2,39
14,3,39
14,4,39
14,5,39
14,0,46
14,1,46
14,2,46
14,3,46
14,4,46
14,5,46
14,6,46
14,7,46
14,6,53
14,7,53
14,0,54
14,1,54
14,2,54
14,3,54
14,2,58
14,3,58
14,4,58
14,5,58
14,6,58
14,7,58
14,0,61
14,1,61
14,2,61
14,3,61
14,2,65
14,3,65
14,4,65
14,5,65
14,6,65
14,7,65
14,4,72
14,5,72
14,6,72
14,7,72
14,2,79
14,3,79
14,4,79
14,5,79
14,6,79
14,7,79
14,2,86
14,3,86
14,4,86
14,5,86
14,6,86
14,7,86
14,2,87
14,3,87
14,6,87
14,7,87
14,2,93
14,3,93
14,4,93
14,5,93
14,6,93
14,7,93
14,0,94
14,1,94
14,2,94
14,3,94
14,4,94
14,5,94
14,6,94
14,7,94
14,0,95
14,1,95
14,2,95
14,3,95
14,0,100
14,1,100
14,2,100
14,3,100
14,4,100
14,5,100
14,6,100
14,7,100
14,0,101
14,1,101
14,2,101
14,3,101
14,6,101
14,7,101
14,0,102
14,1,102
14,2,102
14,3,102
14,0,107
14,1,107
14,2,107
14,3,107
14,4,107
14,5,107
14,6,107
14,7,107
14,0,108
14,1,108
14,0,109
14,1,109
14,2,109
14,3,109
14,4,109
14,5,109
14,6,109
14,7,109
14,6,113
14,7,113
14,0,114
14,1,114
14,2,114
14,3,114
14,4,114
14,5,114
14,6,114
14,7,114
14,4,116
14,5,116
14,0,121
14,1,121
14,2,121
14,3,121
14,2,123
14,3,123
14,4,123
14,5,123
14,6,123
14,7,123
14,2,130
14,3,130
14,4,130
14,5,130
14,6,130
14,7,130
14,2,137
14,3,137
14,4,137
14,5,137
14,6,137
14,7,137
14,6,142
14,7,142
14,4,144
14,5,144
14,0,150
14,1,150
14,2,150
14,3,150
14,2,151
14,3,151
14,4,151
14,5,151
14,6,151
14,7,151
14,0,157
14,1,157
14,2,157
14,3,157
14,4,157
14,5,157
14,0,158
14,1,158
14,2,158
14,3,158
14,4,158
14,5,158
14,6,158
14,7,158
14,0,164
14,1,164
14,2,164
14,3,164
14,4,164
14,5,164
14,6,164
14,7,164
14,0,165
14,1,165
14,2,165
14,3,165
14,4,165
14,5,165
15,6,30
15,7,30
15,0,31
15,1,31
15,2,31
15,3,31
15,4,37
15,5,37
15,6,37
15,7,37
15,2,38
15,3,38
15,4,38
15,5,38
15,6,38
15,7,38
15,0,39
15,1,39
15,2,39
15,3,39
15,4,39
15,5,39
15,6,39
15,7,39
15,6,44
15,7,44
15,0,46
15,1,46
15,4,46
15,5,46
15,6,46
15,7,46
15,0,47
15,1,47
15,4,51
15,5,51
15,4,53
15,5,53
15,6,53
15,7,53
15,0,54
15,1,54
15,2,58
15,3,58
15,4,58
15,5,58
15,6,58
15,7,58
15,6,60
15,7,60
15,2,61
15,3,61
15,4,65
15,5,65
15,6,65
15,7,65
15,0,66
15,1,66
15,2,72
15,3,72
15,4,72
15,5,72
15,6,72
15,7,72
15,2,79
15,3,79
15,4,79
15,5,79
15,6,79
15,7,79
15,2,86
15,3,86
15,4,86
15,5,86
15,6,86
15,7,86
15,2,87
15,3,87
15,4,87
15,5,87
15,0,93
15,1,93
15,2,93
15,3,93
15,4,93
15,5,93
15,6,93
15,7,93
15,0,94
15,1,94
15,2,94
15,3,94
15,4,94
15,5,94
15,6,94
15,7,94
15,0,95
15,1,95
15,0,100
15,1,100
15,2,100
15,3,100
15,4,100
15,5,100
15,6,100
15,7,100
15,0,101
15,1,101
15,2,101
15,3,101
15,4,101
15,5,101
15,6,101
15,7,101
15,0,102
15,1,102
15,2,102
15,3,102
15,4,102
15,5,102
15,2,107
15,3,107
15,4,107
15,5,107
15,6,107
15,7,107
15,0,109
15,1,109
15,2,109
15,3,109
15,4,109
15,5,109
15,6,109
15,7,109
15,0,114
15,1,114
15,2,114
15,3,114
15,4,114
15,5,114
15,2,116
15,3,116
15,4,116
15,5,116
15,6,116
15,7,116
15,2,121
15,3,121
15,4,121
15,5,121
15,6,121
15,7,121
15,2,123
15,3,123
15,4,123
15,5,123
15,6,123
15,7,123
15,4,130
15,5,130
15,2,137
15,3,137
15,4,137
15,5,137
15,6,137
15,7,137
15,4,142
15,5,142
15,6,142
15,7,142
15,2,144
15,3,144
15,4,144
15,5,144
15,6,144
15,7,144
15,0,150
15,1,150
15,2,150
15,3,150
15,2,151
15,3,151
15,4,151
15,5,151
15,0,157
15,1,157
15,2,157
15,3,157
15,4,157
15,5,157
15,6,157
15,7,157
15,0,158
15,1,158
15,2,158
15,3,158
15,4,158
15,5,158
15,2,164
15,3,164
15,4,164
15,5,164
15,6,164
15,7,164
15,0,165
15,1,165
15,2,165
15,3,165
16,6,30
16,7,30
16,0,31
16,1,31
16,2,31
16,3,31
16,4,31
16,5,31
16,6,31
16,7,31
16,0,32
16,1,32
16,4,37
16,5,37
16,6,37
16,7,37
16,0,38
16,1,38
16,2,38
16,3,38
16,4,38
16,5,38
16,6,38
16,7,38
16,0,39
16,1,39
16,2,39
16,3,39
16,4,44
16,5,44
16,6,45
16,7,45
16,0,46
16,1,46
16,2,46
16,3,46
16,4,46
16,5,46
16,0,47
16,1,47
16,4,51
16,5,51
16,4,53
16,5,53
16,6,53
16,7,53
16,0,54
16,1,54
16,2,54
16,3,54
16,2,58
16,3,58
16,4,58
16,5,58
16,6,58
16,7,58
16,2,61
16,3,61
16,4,65
16,5,65
16,6,65
16,7,65
16,2,72
16,3,72
16,4,72
16,5,72
16,6,72
16,7,72
16,2,79
16,3,79
16,4,79
16,5,79
16,0,86
16,1,86
16,2,86
16,3,86
16,4,86
16,5,86
16,6,86
16,7,86
16,0,87
16,1,87
16,2,87
16,3,87
16,4,87
16,5,87
16,0,93
16,1,93
16,2,93
16,3,93
16,4,93
16,5,93
16,6,93
16,7,93
16,0,94
16,1,94
16,2,94
16,3,94
16,4,94
16,5,94
16,6,94
16,7,94
16,0,95
16,1,95
16,2,95
16,3,95
16,0,100
16,1,100
16,2,100
16,3,100
16,4,100
16,5,100
16,6,100
16,7,100
16,0,101
16,1,101
16,2,101
16,3,101
16,4,101
16,5,101
16,0,102
16,1,102
16,2,102
16,3,102
16,0,107
16,1,107
16,2,107
16,3,107
16,4,107
16,5,107
16,6,107
16,7,107
16,0,108
16,1,108
16,2,109
16,3,109
16,4,109
16,5,109
16,6,109
16,7,109
16,0,114
16,1,114
16,2,114
16,3,114
16,4,114
16,5,114
16,6,114
16,7,114
16,2,116
16,3,116
16,4,116
16,5,116
16,0,121
16,1,121
16,2,121
16,3,121
16,4,121
16,5,121
16,2,123
16,3,123
16,4,123
16,5,123
16,2,130
16,3,130
16,4,130
16,5,130
16,6,130
16,7,130
16,4,135
16,5,135
16,2,137
16,3,137
16,4,137
16,5,137
16,6,137
16,7,137
16,6,142
16,7,142
16,2,144
16,3,144
16,4,144
16,5,144
16,6,144
16,7,144
16,6,149
16,7,149
16,0,150
16,1,150
16,2,150
16,3,150
16,2,151
16,3,151
16,4,151
16,5,151
16,6,151
16,7,151
16,0,157
16,1,157
16,2,157
16,3,157
16,0,158
16,1,158
16,2,158
16,3,158
16,4,158
16,5,158
16,4,164
16,5,164
16,6,164
16,7,164
16,0,165
16,1,165
16,2,165
16,3,165
16,4,165
16,5,165
17,6,30
17,7,30
17,0,31
17,1,31
17,2,31
17,3,31
17,4,37
17,5,37
17,6,37
17,7,37
17,0,38
17,1,38
17,2,38
17,3,38
17,4,38
17,5,38
17,6,38
17,7,38
17,0,39
17,1,39
17,2,39
17,3,39
17,6,45
17,7,45
17,4,46
17,5,46
17,6,53
17,7,53
17,0,54
17,1,54
17,2,54
17,3,54
17,4,58
17,5,58
17,6,58
17,7,58
17,2,61
17,3,61
17,4,65
17,5,65
17,6,65
17,7,65
17,2,72
17,3,72
17,4,72
17,5,72
17,6,72
17,7,72
17,2,79
17,3,79
17,4,79
17,5,79
17,6,79
17,7,79
17,0,86
17,1,86
17,2,86
17,3,86
17,4,86
17,5,86
17,6,86
17,7,86
17,2,87
17,3,87
17,4,87
17,5,87
17,0,93
17,1,93
17,2,93
17,3,93
17,4,93
17,5,93
17,6,93
17,7,93
17,0,94
17,1,94
17,2,94
17,3,94
17,4,94
17,5,94
17,6,94
17,7,94
17,0,100
17,1,100
17,2,100
17,3,100
17,4,100
17,5,100
17,6,100
17,7,100
17,0,101
17,1,101
17,2,101
17,3,101
17,6,101
17,7,101
17,0,102
17,1,102
17,2,102
17,3,102
17,0,107
17,1,107
17,2,107
17,3,107
17,4,107
17,5,107
17,6,107
17,7,107
17,0,108
17,1,108
17,2,108
17,3,108
17,0,109
17,1,109
17,2,109
17,3,109
17,4,109
17,5,109
17,0,114
17,1,114
17,2,114
17,3,114
17,4,114
17,5,114
17,6,114
17,7,114
17,0,116
17,1,116
17,2,116
17,3,116
17,4,116
17,5,116
17,2,121
17,3,121
17,4,121
17,5,121
17,4,123
17,5,123
17,2,130
17,3,130
17,4,130
17,5,130
17,4,135
17,5,135
17,2,137
17,3,137
17,4,137
17,5,137
17,6,142
17,7,142
17,2,144
17,3,144
17,4,144
17,5,144
17,6,144
17,7,144
17,0,150
17,1,150
17,2,150
17,3,150
17,2,151
17,3,151
17,4,151
17,5,151
17,6,151
17,7,151
17,6,156
17,7,156
17,0,157
17,1,157
17,6,157
17,7,157
17,0,158
17,1,158
17,2,158
17,3,158
17,4,158
17,5,158
17,6,158
17,7,158
17,0,164
17,1,164
17,2,164
17,3,164
17,4,164
17,5,164
17,6,164
17,7,164
17,0,165
17,1,165
17,2,165
17,3,165
17,4,165
17,5,165
18,6,30
18,7,30
18,0,31
18,1,31
18,2,31
18,3,31
18,4,31
18,5,31
18,4,37
18,5,37
18,6,37
18,7,37
18,2,38
18,3,38
18,4,38
18,5,38
18,6,38
18,7,38
18,0,39
18,1,39
18,2,39
18,3,39
18,4,39
18,5,39
18,4,44
18,5,44
18,0,46
18,1,46
18,2,46
18,3,46
18,4,46
18,5,46
18,6,46
18,7,46
18,6,53
18,7,53
18,0,54
18,1,54
18,2,54
18,3,54
18,2,58
18,3,58
18,4,58
18,5,58
18,0,61
18,1,61
18,2,61
18,3,61
18,2,65
18,3,65
18,4,65
18,5,65
18,6,65
18,7,65
18,0,66
18,1,66
18,2,72
18,3,72
18,4,72
18,5,72
18,6,72
18,7,72
18,0,79
18,1,79
18,2,79
18,3,79
18,4,79
18,5,79
18,2,86
18,3,86
18,4,86
18,5,86
18,6,86
18,7,86
18,2,87
18,3,87
18,4,87
18,5,87
18,6,87
18,7,87
18,0,88
18,1,88
18,0,93
18,1,93
18,2,93
18,3,93
18,4,93
18,5,93
18,6,93
18,7,93
18,0,94
18,1,94
18,2,94
18,3,94
18,4,94
18,5,94
18,6,94
18,7,94
18,0,95
18,1,95
18,2,100
18,3,100
18,4,100
18,5,100
18,6,100
18,7,100
18,2,101
18,3,101
18,0,102
18,1,102
18,2,102
18,3,102
18,4,102
18,5,102
18,2,107
18,3,107
18,4,107
18,5,107
18,6,107
18,7,107
18,0,108
18,1,108
18,0,109
18,1,109
18,2,109
18,3,109
18,4,109
18,5,109
18,6,113
18,7,113
18,0,114
18,1,114
18,2,114
18,3,114
18,4,114
18,5,114
18,6,114
18,7,114
18,2,116
18,3,116
18,4,116
18,5,116
18,6,116
18,7,116
18,0,121
18,1,121
18,2,121
18,3,121
18,4,121
18,5,121
18,2,123
18,3,123
18,4,123
18,5,123
18,6,123
18,7,123
18,2,130
18,3,130
18,4,130
18,5,130
18,4,135
18,5,135
18,2,137
18,3,137
18,4,137
18,5,137
18,6,137
18,7,137
18,2,144
18,3,144
18,4,144
18,5,144
18,6,144
18,7,144
18,6,149
18,7,149
18,0,150
18,1,150
18,0,151
18,1,151
18,2,151
18,3,151
18,4,151
18,5,151
18,6,151
18,7,151
18,0,157
18,1,157
18,2,157
18,3,157
18,4,157
18,5,157
18,0,158
18,1,158
18,2,158
18,3,158
18,4,158
18,5,158
18,6,158
18,7,158
18,2,164
18,3,164
18,4,164
18,5,164
18,6,164
18,7,164
18,0,165
18,1,165
18,2,165
18,3,165
18,4,165
18,5,165
18,6,165
18,7,165
19,6,30
19,7,30
19,0,31
19,1,31
19,4,31
19,5,31
19,0,32
19,1,32
19,6,37
19,7,37
19,0,38
19,1,38
19,2,38
19,3,38
19,4,38
19,5,38
19,6,38
19,7,38
19,0,39
19,1,39
19,2,39
19,3,39
19,4,39
19,5,39
19,4,44
19,5,44
19,2,45
19,3,45
19,6,45
19,7,45
19,0,46
19,1,46
19,2,46
19,3,46
19,4,46
19,5,46
19,6,46
19,7,46
19,4,51
19,5,51
19,6,51
19,7,51
19,4,53
19,5,53
19,6,53
19,7,53
19,0,54
19,1,54
19,2,54
19,3,54
19,2,58
19,3,58
19,4,58
19,5,58
19,6,58
19,7,58
19,6,60
19,7,60
19,2,61
19,3,61
19,4,65
19,5,65
19,6,65
19,7,65
19,4,72
19,5,72
19,6,72
19,7,72
19,0,79
19,1,79
19,2,79
19,3,79
19,4,79
19,5,79
19,6,79
19,7,79
19,0,86
19,1,86
19,2,86
19,3,86
19,4,86
19,5,86
19,6,86
19,7,86
19,2,87
19,3,87
19,4,87
19,5,87
19,6,87
19,7,87
19,2,93
19,3,93
19,4,93
19,5,93
19,6,93
19,7,93
19,0,94
19,1,94
19,2,94
19,3,94
19,4,94
19,5,94
19,6,94
19,7,94
19,0,95
19,1,95
19,2,100
19,3,100
19,4,100
19,5,100
19,6,100
19,7,100
19,2,101
19,3,101
19,6,101
19,7,101
19,2,102
19,3,102
19,4,102
19,5,102
19,2,107
19,3,107
19,4,107
19,5,107
19,6,107
19,7,107
19,0,108
19,1,108
19,0,109
19,1,109
19,2,109
19,3,109
19,4,109
19,5,109
19,6,109
19,7,109
19,6,113
19,7,113
19,0,114
19,1,114
19,2,114
19,3,114
19,4,114
19,5,114
19,6,114
19,7,114
19,2,116
19,3,116
19,4,116
19,5,116
19,6,116
19,7,116
19,0,121
19,1,121
19,2,121
19,3,121
19,4,121
19,5,121
19,2,123
19,3,123
19,4,123
19,5,123
19,6,123
19,7,123
19,2,130
19,3,130
19,4,130
19,5,130
19,4,135
19,5,135
19,2,137
19,3,137
19,4,137
19,5,137
19,6,137
19,7,137
19,6,142
19,7,142
19,2,144
19,3,144
19,4,144
19,5,144
19,6,144
19,7,144
19,6,149
19,7,149
19,0,150
19,1,150
19,2,151
19,3,151
19,4,151
19,5,151
19,6,151
19,7,151
19,0,157
19,1,157
19,2,157
19,3,157
19,6,157
19,7,157
19,0,158
19,1,158
19,2,158
19,3,158
19,4,158
19,5,158
19,2,164
19,3,164
19,4,164
19,5,164
19,6,164
19,7,164
19,0,165
19,1,165
19,2,165
19,3,165
19,4,165
19,5,165
20,4,30
20,5,30
20,2,31
20,3,31
20,4,31
20,5,31
20,6,31
20,7,31
20,0,32
20,1,32
20,4,37
20,5,37
20,6,37
20,7,37
20,2,38
20,3,38
20,4,38
20,5,38
20,6,38
20,7,38
20,0,39
20,1,39
20,4,39
20,5,39
20,4,44
20,5,44
20,0,46
20,1,46
20,2,46
20,3,46
20,4,46
20,5,46
20,0,47
20,1,47
20,4,51
20,5,51
20,4,53
20,5,53
20,6,53
20,7,53
20,0,54
20,1,54
20,2,54
20,3,54
20,2,58
20,3,58
20,4,58
20,5,58
20,6,58
20,7,58
20,0,61
20,1,61
20,2,61
20,3,61
20,4,65
20,5,65
20,6,65
20,7,65
20,2,72
20,3,72
20,4,72
20,5,72
20,2,79
20,3,79
20,4,79
20,5,79
20,6,79
20,7,79
20,2,86
20,3,86
20,4,86
20,5,86
20,6,86
20,7,86
20,0,87
20,1,87
20,0,88
20,1,88
20,0,93
20,1,93
20,2,93
20,3,93
20,4,93
20,5,93
20,6,93
20,7,93
20,0,94
20,1,94
20,2,94
20,3,94
20,4,94
20,5,94
20,6,94
20,7,94
20,0,95
20,1,95
20,0,100
20,1,100
20,2,100
20,3,100
20,4,100
20,5,100
20,6,100
20,7,100
20,0,101
20,1,101
20,2,101
20,3,101
20,4,101
20,5,101
20,6,101
20,7,101
20,0,102
20,1,102
20,2,102
20,3,102
20,0,107
20,1,107
20,2,107
20,3,107
20,4,107
20,5,107
20,6,107
20,7,107
20,0,108
20,1,108
20,2,108
20,3,108
20,0,109
20,1,109
20,2,109
20,3,109
20,4,109
20,5,109
20,0,114
20,1,114
20,2,114
20,3,114
20,4,114
20,5,114
20,2,116
20,3,116
20,4,116
20,5,116
20,6,116
20,7,116
20,2,121
20,3,121
20,4,121
20,5,121
20,2,123
20,3,123
20,4,123
20,5,123
20,6,123
20,7,123
20,2,130
20,3,130
20,4,130
20,5,130
20,6,130
20,7,130
20,4,135
20,5,135
20,2,137
20,3,137
20,4,137
20,5,137
20,6,137
20,7,137
20,6,142
20,7,142
20,2,144
20,3,144
20,4,144
20,5,144
20,6,144
20,7,144
20,0,150
20,1,150
20,2,151
20,3,151
20,4,151
20,5,151
20,6,151
20,7,151
20,0,157
20,1,157
20,2,157
20,3,157
20,4,157
20,5,157
20,6,157
20,7,157
20,0,158
20,1,158
20,2,158
20,3,158
20,4,158
20,5,158
20,0,164
20,1,164
20,2,164
20,3,164
20,4,164
20,5,164
20,6,164
20,7,164
20,0,165
20,1,165
20,2,165
20,3,165
20,4,165
20,5,165
20,6,165
20,7,165
21,0,31
21,1,31
21,2,31
21,3,31
21,4,31
21,5,31
21,6,37
21,7,37
21,0,38
21,1,38
21,2,38
21,3,38
21,4,38
21,5,38
21,6,38
21,7,38
21,0,39
21,1,39
21,2,39
21,3,39
21,4,44
21,5,44
21,0,46
21,1,46
21,2,46
21,3,46
21,4,46
21,5,46
21,6,46
21,7,46
21,0,47
21,1,47
21,6,53
21,7,53
21,0,54
21,1,54
21,2,54
21,3,54
21,2,58
21,3,58
21,4,58
21,5,58
21,6,58
21,7,58
21,0,61
21,1,61
21,2,61
21,3,61
21,2,65
21,3,65
21,4,65
21,5,65
21,6,65
21,7,65
21,2,72
21,3,72
21,4,72
21,5,72
21,6,72
21,7,72
21,0,79
21,1,79
21,2,79
21,3,79
21,4,79
21,5,79
21,6,79
21,7,79
21,2,86
21,3,86
21,4,86
21,5,86
21,6,86
21,7,86
21,0,87
21,1,87
21,2,87
21,3,87
21,4,87
21,5,87
21,6,87
21,7,87
21,0,93
21,1,93
21,2,93
21,3,93
21,4,93
21,5,93
21,6,93
21,7,93
21,0,94
21,1,94
21,2,94
21,3,94
21,4,94
21,5,94
21,6,94
21,7,94
21,0,95
21,1,95
21,0,100
21,1,100
21,2,100
21,3,100
21,4,100
21,5,100
21,6,100
21,7,100
21,0,101
21,1,101
21,2,101
21,3,101
21,4,101
21,5,101
21,0,102
21,1,102
21,2,102
21,3,102
21,0,107
21,1,107
21,2,107
21,3,107
21,4,107
21,5,107
21,6,107
21,7,107
21,2,109
21,3,109
21,0,114
21,1,114
21,2,114
21,3,114
21,4,114
21,5,114
21,6,114
21,7,114
21,0,116
21,1,116
21,2,116
21,3,116
21,4,116
21,5,116
21,2,121
21,3,121
21,4,121
21,5,121
21,4,123
21,5,123
21,6,123
21,7,123
21,4,130
21,5,130
21,6,130
21,7,130
21,4,135
21,5,135
21,2,137
21,3,137
21,4,137
21,5,137
21,6,137
21,7,137
21,4,142
21,5,142
21,6,142
21,7,142
21,2,144
21,3,144
21,4,144
21,5,144
21,6,144
21,7,144
21,6,149
21,7,149
21,0,150
21,1,150
21,2,151
21,3,151
21,4,151
21,5,151
21,6,151
21,7,151
21,6,156
21,7,156
21,0,157
21,1,157
21,2,157
21,3,157
21,4,157
21,5,157
21,6,157
21,7,157
21,0,158
21,1,158
21,2,158
21,3,158
21,4,158
21,5,158
21,6,158
21,7,158
21,2,164
21,3,164
21,4,164
21,5,164
21,6,164
21,7,164
21,0,165
21,1,165
21,2,165
21,3,165
22,6,30
22,7,30
22,0,31
22,1,31
22,4,31
22,5,31
22,6,31
22,7,31
22,4,37
22,5,37
22,6,37
22,7,37
22,4,38
22,5,38
22,6,38
22,7,38
22,0,39
22,1,39
22,2,39
22,3,39
22,4,39
22,5,39
22,2,45
22,3,45
22,4,45
22,5,45
22,0,46
22,1,46
22,2,46
22,3,46
22,4,46
22,5,46
22,6,46
22,7,46
22,4,53
22,5,53
22,6,53
22,7,53
22,0,54
22,1,54
22,2,58
22,3,58
22,4,58
22,5,58
22,6,58
22,7,58
22,2,61
22,3,61
22,4,61
22,5,61
22,2,65
22,3,65
22,4,65
22,5,65
22,6,65
22,7,65
22,2,72
22,3,72
22,4,72
22,5,72
22,6,72
22,7,72
22,0,79
22,1,79
22,2,79
22,3,79
22,4,79
22,5,79
22,6,79
22,7,79
22,0,86
22,1,86
22,2,86
22,3,86
22,4,86
22,5,86
22,6,86
22,7,86
22,2,87
22,3,87
22,4,87
22,5,87
22,6,87
22,7,87
22,0,93
22,1,93
22,2,93
22,3,93
22,4,93
22,5,93
22,6,93
22,7,93
22,0,94
22,1,94
22,2,94
22,3,94
22,4,94
22,5,94
22,6,94
22,7,94
22,0,95
22,1,95
22,0,100
22,1,100
22,2,100
22,3,100
22,4,100
22,5,100
22,6,100
22,7,100
22,0,101
22,1,101
22,2,101
22,3,101
22,6,101
22,7,101
22,0,102
22,1,102
22,2,102
22,3,102
22,0,107
22,1,107
22,2,107
22,3,107
22,4,107
22,5,107
22,6,107
22,7,107
22,0,108
22,1,108
22,2,108
22,3,108
22,0,109
22,1,109
22,2,109
22,3,109
22,4,109
22,5,109
22,6,109
22,7,109
22,0,114
22,1,114
22,2,114
22,3,114
22,4,114
22,5,114
22,6,114
22,7,114
22,0,116
22,1,116
22,2,116
22,3,116
22,4,116
22,5,116
22,0,121
22,1,121
22,2,121
22,3,121
22,4,121
22,5,121
22,2,123
22,3,123
22,4,123
22,5,123
22,4,128
22,5,128
22,2,130
22,3,130
22,4,130
22,5,130
22,6,130
22,7,130
22,2,137
22,3,137
22,4,137
22,5,137
22,6,137
22,7,137
22,6,142
22,7,142
22,2,144
22,3,144
22,4,144
22,5,144
22,0,150
22,1,150
22,2,150
22,3,150
22,2,151
22,3,151
22,4,151
22,5,151
22,6,151
22,7,151
22,6,156
22,7,156
22,0,157
22,1,157
22,2,157
22,3,157
22,6,157
22,7,157
22,0,158
22,1,158
22,2,158
22,3,158
22,4,158
22,5,158
22,2,164
22,3,164
22,4,164
22,5,164
22,6,164
22,7,164
22,0,165
22,1,165
22,2,165
22,3,165
23,2,31
23,3,31
23,4,31
23,5,31
23,6,31
23,7,31
23,4,37
23,5,37
23,6,37
23,7,37
23,0,38
23,1,38
23,2,38
23,3,38
23,4,38
23,5,38
23,6,38
23,7,38
23,0,39
23,1,39
23,2,39
23,3,39
23,4,39
23,5,39
23,4,45
23,5,45
23,2,46
23,3,46
23,4,46
23,5,46
23,6,46
23,7,46
23,4,51
23,5,51
23,6,51
23,7,51
23,0,54
23,1,54
23,2,54
23,3,54
23,2,58
23,3,58
23,4,58
23,5,58
23,6,58
23,7,58
23,6,60
23,7,60
23,2,61
23,3,61
23,2,65
23,3,65
23,4,65
23,5,65
23,6,65
23,7,65
23,2,72
23,3,72
23,4,72
23,5,72
23,6,72
23,7,72
23,2,79
23,3,79
23,4,79
23,5,79
23,6,79
23,7,79
23,2,86
23,3,86
23,4,86
23,5,86
23,6,86
23,7,86
23,2,87
23,3,87
23,4,87
23,5,87
23,6,87
23,7,87
23,0,88
23,1,88
23,0,93
23,1,93
23,2,93
23,3,93
23,4,93
23,5,93
23,6,93
23,7,93
23,0,94
23,1,94
23,2,94
23,3,94
23,4,94
23,5,94
23,6,94
23,7,94
23,0,95
23,1,95
23,0,100
23,1,100
23,2,100
23,3,100
23,4,100
23,5,100
23,6,100
23,7,100
23,0,101
23,1,101
23,2,101
23,3,101
23,6,101
23,7,101
23,0,102
23,1,102
23,2,102
23,3,102
23,0,107
23,1,107
23,2,107
23,3,107
23,4,107
23,5,107
23,6,107
23,7,107
23,0,108
23,1,108
23,0,109
23,1,109
23,2,109
23,3,109
23,4,109
23,5,109
23,0,114
23,1,114
23,2,114
23,3,114
23,4,114
23,5,114
23,6,114
23,7,114
23,2,116
23,3,116
23,4,116
23,5,116
23,6,116
23,7,116
23,2,121
23,3,121
23,4,121
23,5,121
23,2,123
23,3,123
23,4,123
23,5,123
23,6,123
23,7,123
23,2,130
23,3,130
23,4,130
23,5,130
23,6,130
23,7,130
23,4,135
23,5,135
23,2,137
23,3,137
23,4,137
23,5,137
23,6,142
23,7,142
23,0,143
23,1,143
23,2,144
23,3,144
23,4,144
23,5,144
23,6,149
23,7,149
23,0,150
23,1,150
23,0,151
23,1,151
23,2,151
23,3,151
23,4,151
23,5,151
23,6,156
23,7,156
23,0,157
23,1,157
23,2,157
23,3,157
23,4,157
23,5,157
23,6,157
23,7,157
23,0,158
23,1,158
23,2,158
23,3,158
23,4,158
23,5,158
23,6,158
23,7,158
23,0,164
23,1,164
23,2,164
23,3,164
23,4,164
23,5,164
23,6,164
23,7,164
23,0,165
23,1,165
23,2,165
23,3,165
23,4,165
23,5,165
24,6,30
24,7,30
24,2,31
24,3,31
24,4,31
24,5,31
24,6,31
24,7,31
24,4,37
24,5,37
24,6,37
24,7,37
24,0,38
24,1,38
24,2,38
24,3,38
24,4,38
24,5,38
24,6,38
24,7,38
24,0,39
24,1,39
24,2,39
24,3,39
24,6,44
24,7,44
24,0,46
24,1,46
24,2,46
24,3,46
24,4,46
24,5,46
24,6,46
24,7,46
24,4,51
24,5,51
24,4,53
24,5,53
24,6,53
24,7,53
24,0,54
24,1,54
24,2,54
24,3,54
24,2,58
24,3,58
24,4,58
24,5,58
24,6,58
24,7,58
24,2,61
24,3,61
24,2,65
24,3,65
24,4,65
24,5,65
24,6,65
24,7,65
24,2,72
24,3,72
24,4,72
24,5,72
24,6,72
24,7,72
24,2,79
24,3,79
24,4,79
24,5,79
24,6,79
24,7,79
24,0,86
24,1,86
24,2,86
24,3,86
24,4,86
24,5,86
24,6,86
24,7,86
24,2,87
24,3,87
24,4,87
24,5,87
24,6,87
24,7,87
24,0,93
24,1,93
24,2,93
24,3,93
24,4,93
24,5,93
24,6,93
24,7,93
24,0,94
24,1,94
24,2,94
24,3,94
24,4,94
24,5,94
24,6,94
24,7,94
24,2,100
24,3,100
24,4,100
24,5,100
24,6,100
24,7,100
24,0,101
24,1,101
24,2,101
24,3,101
24,6,101
24,7,101
24,0,102
24,1,102
24,2,102
24,3,102
24,2,107
24,3,107
24,4,107
24,5,107
24,6,107
24,7,107
24,0,108
24,1,108
24,2,108
24,3,108
24,0,109
24,1,109
24,2,109
24,3,109
24,4,109
24,5,109
24,0,114
24,1,114
24,2,114
24,3,114
24,4,114
24,5,114
24,2,116
24,3,116
24,4,116
24,5,116
24,4,121
24,5,121
24,2,123
24,3,123
24,4,123
24,5,123
24,6,123
24,7,123
24,2,130
24,3,130
24,4,130
24,5,130
24,2,137
24,3,137
24,4,137
24,5,137
24,4,142
24,5,142
24,6,142
24,7,142
24,2,144
24,3,144
24,4,144
24,5,144
24,6,144
24,7,144
24,6,149
24,7,149
24,0,150
24,1,150
24,0,151
24,1,151
24,2,151
24,3,151
24,4,151
24,5,151
24,6,151
24,7,151
24,0,157
24,1,157
24,2,157
24,3,157
24,0,158
24,1,158
24,2,158
24,3,158
24,4,158
24,5,158
24,6,158
24,7,158
24,2,164
24,3,164
24,4,164
24,5,164
24,6,164
24,7,164
24,0,165
24,1,165
24,2,165
24,3,165
24,4,165
24,5,165
25,6,30
25,7,30
25,0,31
25,1,31
25,2,31
25,3,31
25,4,31
25,5,31
25,6,31
25,7,31
25,4,37
25,5,37
25,6,37
25,7,37
25,0,38
25,1,38
25,4,38
25,5,38
25,6,38
25,7,38
25,0,39
25,1,39
25,2,39
25,3,39
25,6,44
25,7,44
25,4,46
25,5,46
25,6,46
25,7,46
25,0,47
25,1,47
25,4,51
25,5,51
25,4,53
25,5,53
25,6,53
25,7,53
25,0,54
25,1,54
25,2,58
25,3,58
25,4,58
25,5,58
25,0,59
25,1,59
25,2,61
25,3,61
25,2,65
25,3,65
25,4,65
25,5,65
25,6,65
25,7,65
25,2,72
25,3,72
25,4,72
25,5,72
25,6,72
25,7,72
25,2,79
25,3,79
25,4,79
25,5,79
25,2,86
25,3,86
25,4,86
25,5,86
25,6,86
25,7,86
25,2,87
25,3,87
25,4,87
25,5,87
25,2,93
25,3,93
25,4,93
25,5,93
25,6,93
25,7,93
25,0,94
25,1,94
25,2,94
25,3,94
25,4,94
25,5,94
25,6,94
25,7,94
25,0,95
25,1,95
25,2,100
25,3,100
25,4,100
25,5,100
25,6,100
25,7,100
25,0,101
25,1,101
25,2,101
25,3,101
25,0,102
25,1,102
25,2,102
25,3,102
25,4,102
25,5,102
25,6,106
25,7,106
25,0,107
25,1,107
25,2,107
25,3,107
25,4,107
25,5,107
25,6,107
25,7,107
25,0,108
25,1,108
25,2,109
25,3,109
25,4,109
25,5,109
25,6,109
25,7,109
25,2,114
25,3,114
25,4,114
25,5,114
25,6,114
25,7,114
25,0,116
25,1,116
25,2,116
25,3,116
25,4,116
25,5,116
25,2,121
25,3,121
25,4,121
25,5,121
25,2,123
25,3,123
25,4,123
25,5,123
25,6,123
25,7,123
25,4,130
25,5,130
25,6,130
25,7,130
25,4,135
25,5,135
25,2,137
25,3,137
25,4,137
25,5,137
25,6,137
25,7,137
25,4,142
25,5,142
25,6,142
25,7,142
25,2,144
25,3,144
25,4,144
25,5,144
25,6,144
25,7,144
25,0,150
25,1,150
25,2,151
25,3,151
25,4,151
25,5,151
25,6,151
25,7,151
25,0,157
25,1,157
25,2,157
25,3,157
25,4,157
25,5,157
25,6,157
25,7,157
25,0,158
25,1,158
25,2,158
25,3,158
25,4,158
25,5,158
25,2,164
25,3,164
25,4,164
25,5,164
25,6,164
25,7,164
25,0,165
25,1,165
25,2,165
25,3,165
25,4,165
25,5,165
26,4,30
26,5,30
26,6,30
26,7,30
26,0,31
26,1,31
26,2,31
26,3,31
26,4,31
26,5,31
26,4,37
26,5,37
26,6,37
26,7,37
26,0,38
26,1,38
26,2,38
26,3,38
26,4,38
26,5,38
26,6,38
26,7,38
26,0,39
26,1,39
26,2,39
26,3,39
26,6,45
26,7,45
26,0,46
26,1,46
26,2,46
26,3,46
26,4,46
26,5,46
26,4,51
26,5,51
26,6,51
26,7,51
26,4,53
26,5,53
26,6,53
26,7,53
26,0,54
26,1,54
26,2,58
26,3,58
26,4,58
26,5,58
26,6,58
26,7,58
26,0,61
26,1,61
26,2,61
26,3,61
26,2,65
26,3,65
26,4,65
26,5,65
26,6,65
26,7,65
26,2,72
26,3,72
26,4,72
26,5,72
26,6,72
26,7,72
26,2,79
26,3,79
26,4,79
26,5,79
26,6,79
26,7,79
26,0,86
26,1,86
26,2,86
26,3,86
26,4,86
26,5,86
26,6,86
26,7,86
26,2,87
26,3,87
26,4,87
26,5,87
26,6,87
26,7,87
26,0,93
26,1,93
26,4,93
26,5,93
26,6,93
26,7,93
26,0,94
26,1,94
26,2,94
26,3,94
26,4,94
26,5,94
26,6,94
26,7,94
26,0,95
26,1,95
26,2,95
26,3,95
26,0,100
26,1,100
26,2,100
26,3,100
26,4,100
26,5,100
26,6,100
26,7,100
26,0,101
26,1,101
26,2,101
26,3,101
26,4,101
26,5,101
26,6,101
26,7,101
26,0,102
26,1,102
26,2,102
26,3,102
26,0,107
26,1,107
26,2,107
26,3,107
26,4,107
26,5,107
26,6,107
26,7,107
26,0,108
26,1,108
26,0,109
26,1,109
26,2,109
26,3,109
26,4,109
26,5,109
26,0,114
26,1,114
26,2,114
26,3,114
26,4,114
26,5,114
26,6,114
26,7,114
26,2,116
26,3,116
26,4,116
26,5,116
26,6,116
26,7,116
26,0,121
26,1,121
26,4,121
26,5,121
26,6,121
26,7,121
26,2,123
26,3,123
26,4,123
26,5,123
26,4,130
26,5,130
26,6,130
26,7,130
26,4,135
26,5,135
26,4,137
26,5,137
26,6,142
26,7,142
26,4,144
26,5,144
26,6,149
26,7,149
26,0,150
26,1,150
26,2,150
26,3,150
26,0,151
26,1,151
26,2,151
26,3,151
26,4,151
26,5,151
26,6,151
26,7,151
26,0,157
26,1,157
26,2,157
26,3,157
26,6,157
26,7,157
26,0,158
26,1,158
26,2,158
26,3,158
26,4,158
26,5,158
26,6,158
26,7,158
26,2,164
26,3,164
26,4,164
26,5,164
26,6,164
26,7,164
26,0,165
26,1,165
26,2,165
26,3,165
26,4,165
26,5,165
27,0,31
27,1,31
27,6,31
27,7,31
27,4,37
27,5,37
27,6,37
27,7,37
27,0,38
27,1,38
27,2,38
27,3,38
27,4,38
27,5,38
27,6,38
27,7,38
27,0,39
27,1,39
27,2,39
27,3,39
27,4,39
27,5,39
27,4,44
27,5,44
27,6,45
27,7,45
27,4,46
27,5,46
27,6,46
27,7,46
27,2,51
27,3,51
27,4,51
27,5,51
27,6,51
27,7,51
27,4,53
27,5,53
27,6,53
27,7,53
27,0,54
27,1,54
27,2,54
27,3,54
27,4,58
27,5,58
27,6,58
27,7,58
27,2,61
27,3,61
27,2,65
27,3,65
27,4,65
27,5,65
27,6,65
27,7,65
27,4,72
27,5,72
27,6,72
27,7,72
27,0,79
27,1,79
27,2,79
27,3,79
27,4,79
27,5,79
27,2,86
27,3,86
27,4,86
27,5,86
27,6,86
27,7,86
27,2,87
27,3,87
27,4,87
27,5,87
27,6,87
27,7,87
27,2,93
27,3,93
27,4,93
27,5,93
27,6,93
27,7,93
27,0,94
27,1,94
27,2,94
27,3,94
27,4,94
27,5,94
27,6,94
27,7,94
27,0,95
27,1,95
27,0,100
27,1,100
27,2,100
27,3,100
27,4,100
27,5,100
27,6,100
27,7,100
27,0,101
27,1,101
27,2,101
27,3,101
27,6,101
27,7,101
27,0,102
27,1,102
27,2,102
27,3,102
27,0,107
27,1,107
27,2,107
27,3,107
27,4,107
27,5,107
27,6,107
27,7,107
27,0,108
27,1,108
27,0,109
27,1,109
27,2,109
27,3,109
27,4,109
27,5,109
27,0,114
27,1,114
27,2,114
27,3,114
27,4,114
27,5,114
27,6,114
27,7,114
27,2,116
27,3,116
27,4,116
27,5,116
27,0,121
27,1,121
27,2,121
27,3,121
27,4,121
27,5,121
27,2,123
27,3,123
27,4,123
27,5,123
27,4,128
27,5,128
27,4,130
27,5,130
27,4,135
27,5,135
27,2,137
27,3,137
27,4,137
27,5,137
27,6,137
27,7,137
27,4,142
27,5,142
27,0,143
27,1,143
27,2,144
27,3,144
27,4,144
27,5,144
27,2,151
27,3,151
27,4,151
27,5,151
27,6,151
27,7,151
27,0,157
27,1,157
27,2,157
27,3,157
27,4,157
27,5,157
27,0,158
27,1,158
27,2,158
27,3,158
27,4,158
27,5,158
27,0,164
27,1,164
27,4,164
27,5,164
27,6,164
27,7,164
27,0,165
27,1,165
27,2,165
27,3,165
27,4,165
27,5,165
28,4,37
28,5,37
28,6,37
28,7,37
28,0,38
28,1,38
28,4,38
28,5,38
28,6,38
28,7,38
28,0,39
28,1,39
28,0,46
28,1,46
28,4,46
28,5,46
28,6,46
28,7,46
28,0,47
28,1,47
28,4,53
28,5,53
28,6,53
28,7,53
28,0,54
28,1,54
28,2,54
28,3,54
28,2,58
28,3,58
28,4,58
28,5,58
28,6,58
28,7,58
28,0,59
28,1,59
28,6,60
28,7,60
28,2,61
28,3,61
28,2,65
28,3,65
28,4,65
28,5,65
28,6,65
28,7,65
28,0,72
28,1,72
28,2,72
28,3,72
28,4,72
28,5,72
28,2,79
28,3,79
28,4,79
28,5,79
28,0,86
28,1,86
28,2,86
28,3,86
28,4,86
28,5,86
28,6,86
28,7,86
28,2,87
28,3,87
28,4,87
28,5,87
28,6,87
28,7,87
28,0,93
28,1,93
28,2,93
28,3,93
28,4,93
28,5,93
28,6,93
28,7,93
28,0,94
28,1,94
28,2,94
28,3,94
28,4,94
28,5,94
28,6,94
28,7,94
28,0,100
28,1,100
28,2,100
28,3,100
28,4,100
28,5,100
28,6,100
28,7,100
28,0,101
28,1,101
28,2,101
28,3,101
28,0,102
28,1,102
28,2,102
28,3,102
28,0,107
28,1,107
28,2,107
28,3,107
28,4,107
28,5,107
28,6,107
28,7,107
28,0,108
28,1,108
28,2,108
28,3,108
28,0,109
28,1,109
28,2,109
28,3,109
28,4,109
28,5,109
28,0,114
28,1,114
28,2,114
28,3,114
28,4,114
28,5,114
28,6,114
28,7,114
28,0,115
28,1,115
28,0,116
28,1,116
28,2,116
28,3,116
28,4,116
28,5,116
28,4,121
28,5,121
28,2,123
28,3,123
28,4,123
28,5,123
28,2,130
28,3,130
28,4,130
28,5,130
28,6,130
28,7,130
28,4,137
28,5,137
28,4,142
28,5,142
28,2,144
28,3,144
28,4,144
28,5,144
28,6,149
28,7,149
28,0,150
28,1,150
28,2,151
28,3,151
28,4,151
28,5,151
28,6,151
28,7,151
28,2,157
28,3,157
28,6,157
28,7,157
28,0,158
28,1,158
28,2,158
28,3,158
28,4,158
28,5,158
28,4,164
28,5,164
28,6,164
28,7,164
28,0,165
28,1,165
28,2,165
28,3,165
28,4,165
28,5,165
29,6,30
29,7,30
29,4,37
29,5,37
29,6,37
29,7,37
29,0,38
29,1,38
29,2,38
29,3,38
29,4,38
29,5,38
29,6,38
29,7,38
29,0,39
29,1,39
29,2,39
29,3,39
29,0,46
29,1,46
29,2,46
29,3,46
29,4,46
29,5,46
29,4,51
29,5,51
29,6,51
29,7,51
29,4,53
29,5,53
29,6,53
29,7,53
29,0,54
29,1,54
29,2,54
29,3,54
29,4,58
29,5,58
29,6,58
29,7,58
29,2,61
29,3,61
29,2,65
29,3,65
29,4,65
29,5,65
29,6,65
29,7,65
29,2,72
29,3,72
29,4,72
29,5,72
29,2,79
29,3,79
29,4,79
29,5,79
29,6,79
29,7,79
29,0,86
29,1,86
29,2,86
29,3,86
29,4,86
29,5,86
29,6,86
29,7,86
29,2,87
29,3,87
29,4,87
29,5,87
29,0,93
29,1,93
29,2,93
29,3,93
29,4,93
29,5,93
29,6,93
29,7,93
29,0,94
29,1,94
29,2,94
29,3,94
29,4,94
29,5,94
29,6,94
29,7,94
29,0,95
29,1,95
29,0,100
29,1,100
29,2,100
29,3,100
29,4,100
29,5,100
29,6,100
29,7,100
29,0,101
29,1,101
29,2,101
29,3,101
29,6,101
29,7,101
29,0,102
29,1,102
29,2,102
29,3,102
29,4,102
29,5,102
29,0,107
29,1,107
29,2,107
29,3,107
29,4,107
29,5,107
29,6,107
29,7,107
29,0,109
29,1,109
29,2,109
29,3,109
29,4,109
29,5,109
29,0,114
29,1,114
29,2,114
29,3,114
29,4,114
29,5,114
29,6,114
29,7,114
29,2,116
29,3,116
29,4,116
29,5,116
29,2,121
29,3,121
29,4,121
29,5,121
29,4,123
29,5,123
29,6,123
29,7,123
29,2,130
29,3,130
29,4,130
29,5,130
29,4,135
29,5,135
29,4,137
29,5,137
29,6,137
29,7,137
29,4,142
29,5,142
29,6,142
29,7,142
29,2,144
29,3,144
29,4,144
29,5,144
29,6,144
29,7,144
29,6,149
29,7,149
29,0,150
29,1,150
29,2,150
29,3,150
29,2,151
29,3,151
29,4,151
29,5,151
29,0,157
29,1,157
29,2,157
29,3,157
29,4,157
29,5,157
29,6,157
29,7,157
29,0,158
29,1,158
29,2,158
29,3,158
29,4,158
29,5,158
29,2,164
29,3,164
29,4,164
29,5,164
29,6,164
29,7,164
29,0,165
29,1,165
29,2,165
29,3,165
30,6,30
30,7,30
30,2,31
30,3,31
30,4,31
30,5,31
30,4,37
30,5,37
30,6,37
30,7,37
30,0,38
30,1,38
30,2,38
30,3,38
30,4,38
30,5,38
30,6,38
30,7,38
30,0,39
30,1,39
30,4,39
30,5,39
30,2,46
30,3,46
30,4,46
30,5,46
30,6,46
30,7,46
30,4,53
30,5,53
30,6,53
30,7,53
30,0,54
30,1,54
30,2,54
30,3,54
30,4,58
30,5,58
30,6,58
30,7,58
30,2,61
30,3,61
30,4,61
30,5,61
30,4,65
30,5,65
30,2,72
30,3,72
30,4,72
30,5,72
30,2,79
30,3,79
30,4,79
30,5,79
30,2,86
30,3,86
30,4,86
30,5,86
30,2,87
30,3,87
30,4,87
30,5,87
30,2,93
30,3,93
30,4,93
30,5,93
30,6,93
30,7,93
30,0,94
30,1,94
30,2,94
30,3,94
30,4,94
30,5,94
30,6,94
30,7,94
30,0,95
30,1,95
30,0,100
30,1,100
30,2,100
30,3,100
30,4,100
30,5,100
30,6,100
30,7,100
30,0,101
30,1,101
30,2,101
30,3,101
30,0,102
30,1,102
30,2,102
30,3,102
30,0,107
30,1,107
30,2,107
30,3,107
30,4,107
30,5,107
30,6,107
30,7,107
30,0,108
30,1,108
30,6,108
30,7,108
30,0,109
30,1,109
30,2,109
30,3,109
30,4,109
30,5,109
30,0,114
30,1,114
30,2,114
30,3,114
30,4,114
30,5,114
30,6,114
30,7,114
30,2,116
30,3,116
30,4,116
30,5,116
30,4,121
30,5,121
30,2,123
30,3,123
30,4,123
30,5,123
30,4,128
30,5,128
30,2,130
30,3,130
30,4,130
30,5,130
30,6,130
30,7,130
30,4,135
30,5,135
30,2,137
30,3,137
30,4,137
30,5,137
30,6,137
30,7,137
30,6,142
30,7,142
30,2,144
30,3,144
30,4,144
30,5,144
30,4,149
30,5,149
30,6,149
30,7,149
30,0,150
30,1,150
30,2,150
30,3,150
30,0,151
30,1,151
30,2,151
30,3,151
30,4,151
30,5,151
30,6,151
30,7,151
30,0,157
30,1,157
30,2,157
30,3,157
30,0,158
30,1,158
30,2,158
30,3,158
30,4,158
30,5,158
30,2,164
30,3,164
30,4,164
30,5,164
30,6,164
30,7,164
30,0,165
30,1,165
30,2,165
30,3,165
31,6,30
31,7,30
31,6,31
31,7,31
31,6,37
31,7,37
31,0,38
31,1,38
31,2,38
31,3,38
31,4,38
31,5,38
31,6,38
31,7,38
31,0,39
31,1,39
31,2,39
31,3,39
31,6,39
31,7,39
31,0,46
31,1,46
31,4,46
31,5,46
31,6,46
31,7,46
31,0,47
31,1,47
31,6,53
31,7,53
31,0,54
31,1,54
31,4,58
31,5,58
31,6,60
31,7,60
31,0,61
31,1,61
31,2,61
31,3,61
31,4,65
31,5,65
31,6,65
31,7,65
31,2,72
31,3,72
31,4,72
31,5,72
31,6,72
31,7,72
31,2,79
31,3,79
31,4,79
31,5,79
31,6,79
31,7,79
31,2,86
31,3,86
31,4,86
31,5,86
31,6,86
31,7,86
31,0,87
31,1,87
31,2,87
31,3,87
31,4,87
31,5,87
31,6,87
31,7,87
31,0,93
31,1,93
31,2,93
31,3,93
31,4,93
31,5,93
31,6,93
31,7,93
31,0,94
31,1,94
31,2,94
31,3,94
31,4,94
31,5,94
31,6,94
31,7,94
31,0,95
31,1,95
31,0,100
31,1,100
31,2,100
31,3,100
31,4,100
31,5,100
31,6,100
31,7,100
31,0,101
31,1,101
31,2,101
31,3,101
31,4,101
31,5,101
31,6,101
31,7,101
31,0,102
31,1,102
31,2,102
31,3,102
31,0,107
31,1,107
31,2,107
31,3,107
31,4,107
31,5,107
31,6,107
31,7,107
31,0,108
31,1,108
31,2,108
31,3,108
31,0,109
31,1,109
31,2,109
31,3,109
31,4,109
31,5,109
31,0,114
31,1,114
31,2,114
31,3,114
31,4,114
31,5,114
31,6,114
31,7,114
31,2,116
31,3,116
31,4,116
31,5,116
31,2,121
31,3,121
31,4,121
31,5,121
31,2,123
31,3,123
31,4,123
31,5,123
31,6,123
31,7,123
31,2,130
31,3,130
31,4,130
31,5,130
31,6,130
31,7,130
31,4,135
31,5,135
31,2,137
31,3,137
31,4,137
31,5,137
31,6,142
31,7,142
31,2,144
31,3,144
31,4,144
31,5,144
31,6,144
31,7,144
31,0,150
31,1,150
31,2,150
31,3,150
31,0,151
31,1,151
31,2,151
31,3,151
31,4,151
31,5,151
31,0,157
31,1,157
31,2,157
31,3,157
31,4,157
31,5,157
31,6,157
31,7,157
31,0,158
31,1,158
31,2,158
31,3,158
31,4,158
31,5,158
31,2,164
31,3,164
31,4,164
31,5,164
31,6,164
31,7,164
31,0,165
31,1,165
31,2,165
31,3,165
32,6,30
32,7,30
32,0,31
32,1,31
32,2,31
32,3,31
32,4,31
32,5,31
32,6,37
32,7,37
32,2,38
32,3,38
32,4,38
32,5,38
32,6,38
32,7,38
32,0,39
32,1,39
32,2,39
32,3,39
32,6,44
32,7,44
32,0,46
32,1,46
32,2,46
32,3,46
32,4,46
32,5,46
32,6,46
32,7,46
32,4,51
32,5,51
32,6,53
32,7,53
32,0,54
32,1,54
32,2,54
32,3,54
32,4,58
32,5,58
32,6,58
32,7,58
32,6,60
32,7,60
32,0,61
32,1,61
32,2,61
32,3,61
32,4,65
32,5,65
32,6,65
32,7,65
32,2,72
32,3,72
32,4,72
32,5,72
32,6,72
32,7,72
32,2,79
32,3,79
32,4,79
32,5,79
32,2,86
32,3,86
32,4,86
32,5,86
32,6,86
32,7,86
32,2,87
32,3,87
32,4,87
32,5,87
32,2,93
32,3,93
32,4,93
32,5,93
32,6,93
32,7,93
32,0,94
32,1,94
32,2,94
32,3,94
32,4,94
32,5,94
32,6,94
32,7,94
32,0,95
32,1,95
32,0,100
32,1,100
32,2,100
32,3,100
32,4,100
32,5,100
32,6,100
32,7,100
32,0,101
32,1,101
32,2,101
32,3,101
32,6,101
32,7,101
32,0,102
32,1,102
32,2,102
32,3,102
32,4,102
32,5,102
32,0,107
32,1,107
32,2,107
32,3,107
32,4,107
32,5,107
32,6,107
32,7,107
32,0,108
32,1,108
32,0,109
32,1,109
32,2,109
32,3,109
32,4,109
32,5,109
32,0,114
32,1,114
32,2,114
32,3,114
32,4,114
32,5,114
32,0,115
32,1,115
32,0,116
32,1,116
32,2,116
32,3,116
32,4,116
32,5,116
32,2,121
32,3,121
32,4,121
32,5,121
32,2,123
32,3,123
32,4,123
32,5,123
32,6,123
32,7,123
32,2,130
32,3,130
32,4,130
32,5,130
32,6,130
32,7,130
32,2,137
32,3,137
32,4,137
32,5,137
32,6,137
32,7,137
32,4,142
32,5,142
32,6,142
32,7,142
32,2,144
32,3,144
32,4,144
32,5,144
32,6,149
32,7,149
32,0,150
32,1,150
32,2,150
32,3,150
32,2,151
32,3,151
32,4,151
32,5,151
32,0,157
32,1,157
32,2,157
32,3,157
32,6,157
32,7,157
32,0,158
32,1,158
32,2,158
32,3,158
32,4,158
32,5,158
32,4,164
32,5,164
32,6,164
32,7,164
32,0,165
32,1,165
32,2,165
32,3,165
32,4,165
32,5,165
33,6,30
33,7,30
33,0,31
33,1,31
33,2,31
33,3,31
33,4,31
33,5,31
33,6,31
33,7,31
33,0,32
33,1,32
33,6,37
33,7,37
33,0,38
33,1,38
33,2,38
33,3,38
33,4,38
33,5,38
33,6,38
33,7,38
33,0,39
33,1,39
33,2,39
33,3,39
33,4,39
33,5,39
33,6,39
33,7,39
33,0,46
33,1,46
33,2,46
33,3,46
33,4,46
33,5,46
33,6,46
33,7,46
33,0,47
33,1,47
33,4,51
33,5,51
33,6,53
33,7,53
33,0,54
33,1,54
33,2,54
33,3,54
33,4,58
33,5,58
33,6,58
33,7,58
33,2,61
33,3,61
33,2,65
33,3,65
33,4,65
33,5,65
33,6,65
33,7,65
33,2,72
33,3,72
33,4,72
33,5,72
33,2,79
33,3,79
33,4,79
33,5,79
33,6,79
33,7,79
33,2,86
33,3,86
33,4,86
33,5,86
33,0,87
33,1,87
33,2,87
33,3,87
33,4,87
33,5,87
33,6,87
33,7,87
33,0,88
33,1,88
33,2,93
33,3,93
33,4,93
33,5,93
33,6,93
33,7,93
33,0,94
33,1,94
33,2,94
33,3,94
33,4,94
33,5,94
33,6,94
33,7,94
33,0,95
33,1,95
33,0,100
33,1,100
33,2,100
33,3,100
33,4,100
33,5,100
33,6,100
33,7,100
33,0,101
33,1,101
33,2,101
33,3,101
33,0,102
33,1,102
33,2,102
33,3,102
33,0,107
33,1,107
33,2,107
33,3,107
33,4,107
33,5,107
33,6,107
33,7,107
33,0,108
33,1,108
33,0,109
33,1,109
33,2,109
33,3,109
33,0,114
33,1,114
33,2,114
33,3,114
33,4,114
33,5,114
33,6,114
33,7,114
33,2,116
33,3,116
33,4,116
33,5,116
33,6,116
33,7,116
33,2,121
33,3,121
33,4,121
33,5,121
33,4,123
33,5,123
33,2,130
33,3,130
33,4,130
33,5,130
33,6,130
33,7,130
33,2,137
33,3,137
33,4,137
33,5,137
33,6,137
33,7,137
33,4,142
33,5,142
33,6,142
33,7,142
33,2,144
33,3,144
33,4,144
33,5,144
33,6,149
33,7,149
33,0,150
33,1,150
33,2,150
33,3,150
33,2,151
33,3,151
33,4,151
33,5,151
33,2,157
33,3,157
33,4,157
33,5,157
33,0,158
33,1,158
33,2,158
33,3,158
33,4,158
33,5,158
33,6,158
33,7,158
33,0,164
33,1,164
33,4,164
33,5,164
33,6,164
33,7,164
33,0,165
33,1,165
33,2,165
33,3,165
34,6,30
34,7,30
34,0,31
34,1,31
34,2,31
34,3,31
34,6,31
34,7,31
34,6,37
34,7,37
34,2,38
34,3,38
34,4,38
34,5,38
34,6,38
34,7,38
34,0,39
34,1,39
34,2,39
34,3,39
34,4,39
34,5,39
34,6,39
34,7,39
34,0,46
34,1,46
34,2,46
34,3,46
34,4,46
34,5,46
34,6,46
34,7,46
34,0,47
34,1,47
34,2,53
34,3,53
34,6,53
34,7,53
34,0,54
34,1,54
34,2,54
34,3,54
34,2,58
34,3,58
34,4,58
34,5,58
34,6,58
34,7,58
34,6,60
34,7,60
34,2,61
34,3,61
34,2,65
34,3,65
34,4,65
34,5,65
34,6,65
34,7,65
34,4,72
34,5,72
34,2,79
34,3,79
34,4,79
34,5,79
34,6,79
34,7,79
34,2,86
34,3,86
34,4,86
34,5,86
34,6,86
34,7,86
34,2,87
34,3,87
34,4,87
34,5,87
34,6,87
34,7,87
34,2,93
34,3,93
34,4,93
34,5,93
34,6,93
34,7,93
34,0,94
34,1,94
34,2,94
34,3,94
34,4,94
34,5,94
34,6,94
34,7,94
34,0,95
34,1,95
34,2,95
34,3,95
34,0,100
34,1,100
34,2,100
34,3,100
34,4,100
34,5,100
34,6,100
34,7,100
34,0,101
34,1,101
34,2,101
34,3,101
34,6,101
34,7,101
34,0,102
34,1,102
34,2,102
34,3,102
34,0,107
34,1,107
34,2,107
34,3,107
34,4,107
34,5,107
34,6,107
34,7,107
34,0,109
34,1,109
34,2,109
34,3,109
34,4,109
34,5,109
34,6,113
34,7,113
34,0,114
34,1,114
34,2,114
34,3,114
34,4,114
34,5,114
34,6,114
34,7,114
34,2,116
34,3,116
34,4,116
34,5,116
34,0,121
34,1,121
34,2,121
34,3,121
34,4,121
34,5,121
34,6,121
34,7,121
34,2,123
34,3,123
34,4,123
34,5,123
34,6,123
34,7,123
34,4,128
34,5,128
34,2,130
34,3,130
34,4,130
34,5,130
34,6,130
34,7,130
34,2,137
34,3,137
34,4,137
34,5,137
34,6,137
34,7,137
34,6,142
34,7,142
34,2,144
34,3,144
34,4,144
34,5,144
34,6,144
34,7,144
34,0,150
34,1,150
34,2,150
34,3,150
34,0,151
34,1,151
34,2,151
34,3,151
34,4,151
34,5,151
34,6,151
34,7,151
34,2,157
34,3,157
34,4,157
34,5,157
34,0,158
34,1,158
34,2,158
34,3,158
34,4,158
34,5,158
34,6,158
34,7,158
34,2,164
34,3,164
34,4,164
34,5,164
34,6,164
34,7,164
34,0,165
34,1,165
34,2,165
34,3,165
35,6,30
35,7,30
35,2,31
35,3,31
35,4,31
35,5,31
35,4,37
35,5,37
35,6,37
35,7,37
35,0,38
35,1,38
35,4,38
35,5,38
35,6,38
35,7,38
35,0,39
35,1,39
35,2,39
35,3,39
35,6,39
35,7,39
35,6,44
35,7,44
35,6,45
35,7,45
35,0,46
35,1,46
35,4,46
35,5,46
35,6,53
35,7,53
35,0,54
35,1,54
35,2,58
35,3,58
35,4,58
35,5,58
35,2,61
35,3,61
35,2,65
35,3,65
35,4,65
35,5,65
35,6,65
35,7,65
35,2,72
35,3,72
35,4,72
35,5,72
35,2,79
35,3,79
35,4,79
35,5,79
35,6,79
35,7,79
35,0,86
35,1,86
35,2,86
35,3,86
35,4,86
35,5,86
35,0,87
35,1,87
35,2,87
35,3,87
35,4,87
35,5,87
35,0,93
35,1,93
35,2,93
35,3,93
35,4,93
35,5,93
35,6,93
35,7,93
35,0,94
35,1,94
35,2,94
35,3,94
35,4,94
35,5,94
35,6,94
35,7,94
35,0,95
35,1,95
35,0,100
35,1,100
35,2,100
35,3,100
35,4,100
35,5,100
35,6,100
35,7,100
35,0,101
35,1,101
35,2,101
35,3,101
35,0,102
35,1,102
35,2,102
35,3,102
35,2,107
35,3,107
35,4,107
35,5,107
35,6,107
35,7,107
35,0,108
35,1,108
35,2,109
35,3,109
35,4,109
35,5,109
35,0,114
35,1,114
35,2,114
35,3,114
35,4,114
35,5,114
35,0,116
35,1,116
35,2,116
35,3,116
35,4,116
35,5,116
35,2,121
35,3,121
35,2,123
35,3,123
35,4,123
35,5,123
35,6,123
35,7,123
35,2,130
35,3,130
35,4,130
35,5,130
35,2,137
35,3,137
35,4,137
35,5,137
35,6,137
35,7,137
35,6,142
35,7,142
35,2,144
35,3,144
35,4,144
35,5,144
35,6,144
35,7,144
35,6,149
35,7,149
35,0,150
35,1,150
35,2,151
35,3,151
35,4,151
35,5,151
35,6,151
35,7,151
35,0,157
35,1,157
35,2,157
35,3,157
35,4,157
35,5,157
35,0,158
35,1,158
35,2,158
35,3,158
35,4,158
35,5,158
35,2,164
35,3,164
35,4,164
35,5,164
35,6,164
35,7,164
35,0,165
35,1,165
35,2,165
35,3,165
36,0,31
36,1,31
36,2,31
36,3,31
36,4,31
36,5,31
36,6,31
36,7,31
36,0,32
36,1,32
36,6,37
36,7,37
36,2,38
36,3,38
36,4,38
36,5,38
36,6,38
36,7,38
36,0,39
36,1,39
36,2,39
36,3,39
36,6,39
36,7,39
36,0,46
36,1,46
36,4,46
36,5,46
36,0,47
36,1,47
36,4,51
36,5,51
36,6,53
36,7,53
36,0,54
36,1,54
36,2,54
36,3,54
36,2,61
36,3,61
36,2,65
36,3,65
36,4,65
36,5,65
36,6,65
36,7,65
36,2,72
36,3,72
36,4,72
36,5,72
36,6,72
36,7,72
36,0,79
36,1,79
36,2,79
36,3,79
36,4,79
36,5,79
36,6,79
36,7,79
36,2,86
36,3,86
36,4,86
36,5,86
36,6,86
36,7,86
36,6,87
36,7,87
36,2,93
36,3,93
36,4,93
36,5,93
36,6,93
36,7,93
36,0,94
36,1,94
36,2,94
36,3,94
36,4,94
36,5,94
36,6,94
36,7,94
36,0,95
36,1,95
36,0,100
36,1,100
36,2,100
36,3,100
36,4,100
36,5,100
36,6,100
36,7,100
36,0,101
36,1,101
36,4,101
36,5,101
36,6,101
36,7,101
36,0,102
36,1,102
36,2,102
36,3,102
36,4,102
36,5,102
36,0,107
36,1,107
36,2,107
36,3,107
36,4,107
36,5,107
36,6,107
36,7,107
36,0,108
36,1,108
36,2,108
36,3,108
36,0,109
36,1,109
36,2,109
36,3,109
36,4,109
36,5,109
36,2,114
36,3,114
36,4,114
36,5,114
36,6,114
36,7,114
36,0,116
36,1,116
36,2,116
36,3,116
36,4,116
36,5,116
36,0,121
36,1,121
36,4,123
36,5,123
36,6,123
36,7,123
36,2,130
36,3,130
36,4,130
36,5,130
36,6,130
36,7,130
36,2,137
36,3,137
36,4,137
36,5,137
36,6,142
36,7,142
36,4,144
36,5,144
36,6,144
36,7,144
36,6,149
36,7,149
36,0,150
36,1,150
36,0,151
36,1,151
36,2,151
36,3,151
36,4,151
36,5,151
36,6,151
36,7,151
36,6,156
36,7,156
36,0,157
36,1,157
36,2,157
36,3,157
36,4,157
36,5,157
36,0,158
36,1,158
36,2,158
36,3,158
36,4,158
36,5,158
36,2,164
36,3,164
36,4,164
36,5,164
36,6,164
36,7,164
36,0,165
36,1,165
36,2,165
36,3,165
37,6,30
37,7,30
37,0,31
37,1,31
37,2,31
37,3,31
37,6,31
37,7,31
37,0,32
37,1,32
37,6,37
37,7,37
37,2,38
37,3,38
37,4,38
37,5,38
37,6,38
37,7,38
37,0,39
37,1,39
37,2,39
37,3,39
37,4,39
37,5,39
37,0,46
37,1,46
37,2,46
37,3,46
37,4,46
37,5,46
37,0,47
37,1,47
37,6,51
37,7,51
37,6,53
37,7,53
37,0,54
37,1,54
37,2,54
37,3,54
37,4,58
37,5,58
37,6,58
37,7,58
37,0,61
37,1,61
37,2,61
37,3,61
37,4,65
37,5,65
37,6,65
37,7,65
37,2,72
37,3,72
37,4,72
37,5,72
37,6,72
37,7,72
37,2,79
37,3,79
37,4,79
37,5,79
37,6,79
37,7,79
37,2,86
37,3,86
37,4,86
37,5,86
37,6,86
37,7,86
37,2,87
37,3,87
37,4,87
37,5,87
37,2,93
37,3,93
37,4,93
37,5,93
37,6,93
37,7,93
37,0,94
37,1,94
37,2,94
37,3,94
37,4,94
37,5,94
37,6,94
37,7,94
37,0,95
37,1,95
37,0,100
37,1,100
37,2,100
37,3,100
37,4,100
37,5,100
37,6,100
37,7,100
37,0,101
37,1,101
37,2,101
37,3,101
37,0,102
37,1,102
37,2,102
37,3,102
37,0,107
37,1,107
37,2,107
37,3,107
37,4,107
37,5,107
37,6,107
37,7,107
37,0,109
37,1,109
37,2,109
37,3,109
37,4,109
37,5,109
37,0,114
37,1,114
37,2,114
37,3,114
37,4,114
37,5,114
37,2,116
37,3,116
37,4,116
37,5,116
37,2,121
37,3,121
37,4,121
37,5,121
37,2,123
37,3,123
37,4,123
37,5,123
37,2,130
37,3,130
37,4,130
37,5,130
37,6,130
37,7,130
37,4,135
37,5,135
37,2,137
37,3,137
37,4,137
37,5,137
37,6,137
37,7,137
37,4,142
37,5,142
37,6,142
37,7,142
37,2,144
37,3,144
37,4,144
37,5,144
37,6,144
37,7,144
37,0,150
37,1,150
37,2,150
37,3,150
37,0,151
37,1,151
37,2,151
37,3,151
37,4,151
37,5,151
37,6,151
37,7,151
37,0,157
37,1,157
37,2,157
37,3,157
37,4,157
37,5,157
37,6,157
37,7,157
37,0,158
37,1,158
37,2,158
37,3,158
37,4,158
37,5,158
37,2,164
37,3,164
37,4,164
37,5,164
37,6,164
37,7,164
37,0,165
37,1,165
37,2,165
37,3,165
38,6,30
38,7,30
38,0,31
38,1,31
38,2,31
38,3,31
38,4,37
38,5,37
38,6,37
38,7,37
38,0,38
38,1,38
38,2,38
38,3,38
38,4,38
38,5,38
38,6,38
38,7,38
38,0,39
38,1,39
38,2,39
38,3,39
38,4,44
38,5,44
38,0,46
38,1,46
38,2,46
38,3,46
38,4,46
38,5,46
38,6,46
38,7,46
38,6,51
38,7,51
38,4,53
38,5,53
38,6,53
38,7,53
38,0,54
38,1,54
38,2,54
38,3,54
38,2,58
38,3,58
38,4,58
38,5,58
38,6,58
38,7,58
38,6,60
38,7,60
38,2,61
38,3,61
38,4,61
38,5,61
38,2,65
38,3,65
38,4,65
38,5,65
38,6,65
38,7,65
38,2,72
38,3,72
38,4,72
38,5,72
38,6,72
38,7,72
38,2,79
38,3,79
38,4,79
38,5,79
38,6,79
38,7,79
38,0,86
38,1,86
38,2,86
38,3,86
38,4,86
38,5,86
38,6,86
38,7,86
38,0,87
38,1,87
38,2,87
38,3,87
38,4,87
38,5,87
38,6,87
38,7,87
38,0,93
38,1,93
38,2,93
38,3,93
38,4,93
38,5,93
38,6,93
38,7,93
38,0,94
38,1,94
38,2,94
38,3,94
38,4,94
38,5,94
38,6,94
38,7,94
38,0,95
38,1,95
38,0,100
38,1,100
38,2,100
38,3,100
38,4,100
38,5,100
38,6,100
38,7,100
38,0,101
38,1,101
38,2,101
38,3,101
38,6,101
38,7,101
38,0,102
38,1,102
38,2,102
38,3,102
38,4,102
38,5,102
38,0,107
38,1,107
38,2,107
38,3,107
38,4,107
38,5,107
38,6,107
38,7,107
38,0,108
38,1,108
38,2,109
38,3,109
38,4,109
38,5,109
38,0,114
38,1,114
38,2,114
38,3,114
38,4,114
38,5,114
38,6,114
38,7,114
38,2,116
38,3,116
38,4,116
38,5,116
38,2,121
38,3,121
38,4,121
38,5,121
38,2,123
38,3,123
38,4,123
38,5,123
38,2,130
38,3,130
38,4,130
38,5,130
38,6,130
38,7,130
38,4,135
38,5,135
38,2,137
38,3,137
38,4,137
38,5,137
38,6,137
38,7,137
38,6,142
38,7,142
38,0,143
38,1,143
38,2,144
38,3,144
38,4,144
38,5,144
38,6,149
38,7,149
38,0,150
38,1,150
38,0,151
38,1,151
38,2,151
38,3,151
38,4,151
38,5,151
38,0,157
38,1,157
38,2,157
38,3,157
38,6,157
38,7,157
38,0,158
38,1,158
38,2,158
38,3,158
38,4,158
38,5,158
38,2,164
38,3,164
38,4,164
38,5,164
38,6,164
38,7,164
38,0,165
38,1,165
38,2,165
38,3,165
38,4,165
38,5,165
39,4,30
39,5,30
39,6,30
39,7,30
39,0,31
39,1,31
39,2,31
39,3,31
39,4,31
39,5,31
39,4,37
39,5,37
39,6,37
39,7,37
39,2,38
39,3,38
39,4,38
39,5,38
39,6,38
39,7,38
39,0,39
39,1,39
39,4,44
39,5,44
39,6,45
39,7,45
39,0,46
39,1,46
39,4,46
39,5,46
39,6,46
39,7,46
39,6,51
39,7,51
39,4,53
39,5,53
39,6,53
39,7,53
39,0,54
39,1,54
39,2,54
39,3,54
39,2,58
39,3,58
39,4,58
39,5,58
39,6,58
39,7,58
39,6,60
39,7,60
39,2,61
39,3,61
39,2,65
39,3,65
39,4,65
39,5,65
39,6,65
39,7,65
39,2,72
39,3,72
39,4,72
39,5,72
39,6,72
39,7,72
39,0,79
39,1,79
39,2,79
39,3,79
39,4,79
39,5,79
39,2,86
39,3,86
39,4,86
39,5,86
39,6,86
39,7,86
39,2,87
39,3,87
39,4,87
39,5,87
39,0,93
39,1,93
39,2,93
39,3,93
39,4,93
39,5,93
39,6,93
39,7,93
39,0,94
39,1,94
39,2,94
39,3,94
39,4,94
39,5,94
39,6,94
39,7,94
39,2,100
39,3,100
39,4,100
39,5,100
39,6,100
39,7,100
39,0,101
39,1,101
39,2,101
39,3,101
39,4,101
39,5,101
39,6,101
39,7,101
39,0,102
39,1,102
39,2,102
39,3,102
39,4,102
39,5,102
39,0,107
39,1,107
39,2,107
39,3,107
39,4,107
39,5,107
39,6,107
39,7,107
39,0,108
39,1,108
39,2,109
39,3,109
39,4,109
39,5,109
39,0,114
39,1,114
39,2,114
39,3,114
39,4,114
39,5,114
39,6,114
39,7,114
39,2,116
39,3,116
39,4,116
39,5,116
39,0,121
39,1,121
39,2,121
39,3,121
39,4,121
39,5,121
39,4,123
39,5,123
39,6,123
39,7,123
39,4,130
39,5,130
39,6,130
39,7,130
39,2,137
39,3,137
39,4,137
39,5,137
39,6,137
39,7,137
39,4,142
39,5,142
39,6,142
39,7,142
39,0,143
39,1,143
39,2,144
39,3,144
39,4,144
39,5,144
39,6,144
39,7,144
39,0,150
39,1,150
39,2,151
39,3,151
39,4,151
39,5,151
39,6,151
39,7,151
39,0,157
39,1,157
39,2,157
39,3,157
39,6,157
39,7,157
39,0,158
39,1,158
39,2,158
39,3,158
39,4,158
39,5,158
39,2,164
39,3,164
39,4,164
39,5,164
39,6,164
39,7,164
39,0,165
39,1,165
39,2,165
39,3,165
39,6,165
39,7,165
40,6,30
40,7,30
40,0,31
40,1,31
40,2,31
40,3,31
40,4,31
40,5,31
40,6,31
40,7,31
40,4,37
40,5,37
40,6,37
40,7,37
40,0,38
40,1,38
40,2,38
40,3,38
40,4,38
40,5,38
40,6,38
40,7,38
40,0,39
40,1,39
40,0,46
40,1,46
40,2,46
40,3,46
40,4,46
40,5,46
40,0,47
40,1,47
40,6,53
40,7,53
40,0,54
40,1,54
40,2,54
40,3,54
40,4,58
40,5,58
40,6,58
40,7,58
40,0,61
40,1,61
40,2,61
40,3,61
40,4,65
40,5,65
40,6,65
40,7,65
40,0,66
40,1,66
40,4,72
40,5,72
40,6,72
40,7,72
40,0,79
40,1,79
40,2,79
40,3,79
40,4,79
40,5,79
40,2,86
40,3,86
40,4,86
40,5,86
40,2,87
40,3,87
40,4,87
40,5,87
40,6,87
40,7,87
40,0,93
40,1,93
40,2,93
40,3,93
40,4,93
40,5,93
40,6,93
40,7,93
40,0,94
40,1,94
40,2,94
40,3,94
40,4,94
40,5,94
40,6,94
40,7,94
40,0,95
40,1,95
40,0,100
40,1,100
40,2,100
40,3,100
40,4,100
40,5,100
40,6,100
40,7,100
40,0,101
40,1,101
40,2,101
40,3,101
40,0,102
40,1,102
40,2,102
40,3,102
40,4,102
40,5,102
40,2,107
40,3,107
40,4,107
40,5,107
40,6,107
40,7,107
40,0,108
40,1,108
40,2,109
40,3,109
40,4,109
40,5,109
40,0,114
40,1,114
40,2,114
40,3,114
40,4,114
40,5,114
40,6,114
40,7,114
40,2,116
40,3,116
40,4,116
40,5,116
40,2,121
40,3,121
40,4,121
40,5,121
40,2,123
40,3,123
40,4,123
40,5,123
40,6,123
40,7,123
40,2,130
40,3,130
40,4,130
40,5,130
40,4,135
40,5,135
40,2,137
40,3,137
40,4,137
40,5,137
40,6,142
40,7,142
40,2,144
40,3,144
40,4,144
40,5,144
40,6,144
40,7,144
40,0,150
40,1,150
40,2,151
40,3,151
40,4,151
40,5,151
40,6,151
40,7,151
40,0,157
40,1,157
40,2,157
40,3,157
40,4,157
40,5,157
40,0,158
40,1,158
40,2,158
40,3,158
40,4,158
40,5,158
40,2,164
40,3,164
40,4,164
40,5,164
40,6,164
40,7,164
40,0,165
40,1,165
40,2,165
40,3,165
41,6,30
41,7,30
41,0,31
41,1,31
41,2,31
41,3,31
41,6,31
41,7,31
41,0,32
41,1,32
41,4,37
41,5,37
41,6,37
41,7,37
41,2,38
41,3,38
41,4,38
41,5,38
41,6,38
41,7,38
41,0,39
41,1,39
41,2,39
41,3,39
41,4,39
41,5,39
41,4,44
41,5,44
41,0,46
41,1,46
41,2,46
41,3,46
41,4,46
41,5,46
41,0,47
41,1,47
41,4,51
41,5,51
41,6,53
41,7,53
41,0,54
41,1,54
41,2,54
41,3,54
41,4,58
41,5,58
41,6,58
41,7,58
41,0,61
41,1,61
41,2,61
41,3,61
41,2,65
41,3,65
41,4,65
41,5,65
41,6,65
41,7,65
41,2,72
41,3,72
41,4,72
41,5,72
41,2,79
41,3,79
41,4,79
41,5,79
41,6,79
41,7,79
41,0,86
41,1,86
41,2,86
41,3,86
41,4,86
41,5,86
41,6,86
41,7,86
41,4,87
41,5,87
41,6,87
41,7,87
41,0,88
41,1,88
41,0,93
41,1,93
41,2,93
41,3,93
41,4,93
41,5,93
41,6,93
41,7,93
41,0,94
41,1,94
41,2,94
41,3,94
41,4,94
41,5,94
41,6,94
41,7,94
41,0,95
41,1,95
41,0,100
41,1,100
41,2,100
41,3,100
41,4,100
41,5,100
41,6,100
41,7,100
41,0,101
41,1,101
41,2,101
41,3,101
41,6,101
41,7,101
41,0,102
41,1,102
41,2,102
41,3,102
41,0,107
41,1,107
41,2,107
41,3,107
41,4,107
41,5,107
41,6,107
41,7,107
41,0,108
41,1,108
41,2,108
41,3,108
41,2,109
41,3,109
41,4,109
41,5,109
41,0,114
41,1,114
41,2,114
41,3,114
41,4,114
41,5,114
41,6,114
41,7,114
41,2,116
41,3,116
41,4,116
41,5,116
41,2,121
41,3,121
41,4,121
41,5,121
41,6,121
41,7,121
41,2,123
41,3,123
41,4,123
41,5,123
41,2,130
41,3,130
41,4,130
41,5,130
41,6,130
41,7,130
41,4,135
41,5,135
41,2,137
41,3,137
41,4,137
41,5,137
41,6,137
41,7,137
41,4,142
41,5,142
41,6,142
41,7,142
41,2,144
41,3,144
41,4,144
41,5,144
41,0,150
41,1,150
41,0,151
41,1,151
41,2,151
41,3,151
41,4,151
41,5,151
41,0,157
41,1,157
41,2,157
41,3,157
41,0,158
41,1,158
41,2,158
41,3,158
41,4,158
41,5,158
41,2,164
41,3,164
41,4,164
41,5,164
41,6,164
41,7,164
41,0,165
41,1,165
41,2,165
41,3,165
42,4,30
42,5,30
42,6,30
42,7,30
42,0,31
42,1,31
42,2,31
42,3,31
42,6,37
42,7,37
42,2,38
42,3,38
42,4,38
42,5,38
42,6,38
42,7,38
42,0,39
42,1,39
42,4,46
42,5,46
42,6,46
42,7,46
42,0,47
42,1,47
42,2,51
42,3,51
42,4,51
42,5,51
42,4,53
42,5,53
42,6,53
42,7,53
42,0,54
42,1,54
42,2,54
42,3,54
42,2,58
42,3,58
42,4,58
42,5,58
42,6,58
42,7,58
42,6,60
42,7,60
42,0,61
42,1,61
42,2,61
42,3,61
42,4,65
42,5,65
42,6,65
42,7,65
42,2,72
42,3,72
42,4,72
42,5,72
42,6,72
42,7,72
42,2,79
42,3,79
42,4,79
42,5,79
42,6,79
42,7,79
42,0,86
42,1,86
42,2,86
42,3,86
42,4,86
42,5,86
42,6,86
42,7,86
42,0,87
42,1,87
42,2,87
42,3,87
42,4,87
42,5,87
42,6,87
42,7,87
42,2,93
42,3,93
42,4,93
42,5,93
42,6,93
42,7,93
42,0,94
42,1,94
42,2,94
42,3,94
42,4,94
42,5,94
42,6,94
42,7,94
42,0,100
42,1,100
42,2,100
42,3,100
42,4,100
42,5,100
42,6,100
42,7,100
42,0,101
42,1,101
42,2,101
42,3,101
42,0,102
42,1,102
42,2,102
42,3,102
42,4,102
42,5,102
42,2,107
42,3,107
42,4,107
42,5,107
42,6,107
42,7,107
42,2,108
42,3,108
42,0,109
42,1,109
42,2,109
42,3,109
42,4,109
42,5,109
42,0,114
42,1,114
42,2,114
42,3,114
42,4,114
42,5,114
42,6,114
42,7,114
42,2,116
42,3,116
42,4,116
42,5,116
42,2,121
42,3,121
42,4,121
42,5,121
42,2,123
42,3,123
42,4,123
42,5,123
42,2,130
42,3,130
42,4,130
42,5,130
42,6,130
42,7,130
42,4,135
42,5,135
42,2,137
42,3,137
42,4,137
42,5,137
42,6,137
42,7,137
42,6,142
42,7,142
42,2,144
42,3,144
42,4,144
42,5,144
42,6,144
42,7,144
42,6,149
42,7,149
42,0,150
42,1,150
42,0,151
42,1,151
42,2,151
42,3,151
42,4,151
42,5,151
42,6,151
42,7,151
42,0,157
42,1,157
42,2,157
42,3,157
42,4,157
42,5,157
42,0,158
42,1,158
42,2,158
42,3,158
42,4,158
42,5,158
42,2,164
42,3,164
42,4,164
42,5,164
42,6,164
42,7,164
42,0,165
42,1,165
42,2,165
42,3,165
43,0,31
43,1,31
43,2,31
43,3,31
43,6,31
43,7,31
43,6,37
43,7,37
43,0,38
43,1,38
43,2,38
43,3,38
43,4,38
43,5,38
43,6,38
43,7,38
43,0,39
43,1,39
43,6,39
43,7,39
43,4,46
43,5,46
43,6,46
43,7,46
43,4,51
43,5,51
43,4,53
43,5,53
43,6,53
43,7,53
43,0,54
43,1,54
43,2,54
43,3,54
43,4,58
43,5,58
43,6,58
43,7,58
43,6,60
43,7,60
43,2,61
43,3,61
43,2,65
43,3,65
43,4,65
43,5,65
43,6,65
43,7,65
43,2,72
43,3,72
43,4,72
43,5,72
43,6,72
43,7,72
43,0,79
43,1,79
43,2,79
43,3,79
43,4,79
43,5,79
43,6,79
43,7,79
43,0,86
43,1,86
43,2,86
43,3,86
43,4,86
43,5,86
43,6,86
43,7,86
43,2,87
43,3,87
43,4,87
43,5,87
43,0,93
43,1,93
43,2,93
43,3,93
43,4,93
43,5,93
43,6,93
43,7,93
43,0,94
43,1,94
43,2,94
43,3,94
43,4,94
43,5,94
43,6,94
43,7,94
43,0,95
43,1,95
43,2,100
43,3,100
43,4,100
43,5,100
43,6,100
43,7,100
43,0,101
43,1,101
43,2,101
43,3,101
43,0,102
43,1,102
43,2,102
43,3,102
43,4,102
43,5,102
43,0,107
43,1,107
43,2,107
43,3,107
43,4,107
43,5,107
43,6,107
43,7,107
43,0,108
43,1,108
43,2,109
43,3,109
43,4,109
43,5,109
43,0,114
43,1,114
43,2,114
43,3,114
43,4,114
43,5,114
43,0,115
43,1,115
43,2,116
43,3,116
43,4,116
43,5,116
43,0,121
43,1,121
43,2,121
43,3,121
43,2,123
43,3,123
43,4,123
43,5,123
43,6,123
43,7,123
43,2,130
43,3,130
43,4,130
43,5,130
43,6,130
43,7,130
43,2,137
43,3,137
43,4,137
43,5,137
43,6,137
43,7,137
43,6,142
43,7,142
43,2,144
43,3,144
43,4,144
43,5,144
43,6,144
43,7,144
43,6,149
43,7,149
43,0,150
43,1,150
43,0,151
43,1,151
43,2,151
43,3,151
43,4,151
43,5,151
43,6,151
43,7,151
43,0,157
43,1,157
43,2,157
43,3,157
43,4,157
43,5,157
43,0,158
43,1,158
43,2,158
43,3,158
43,4,158
43,5,158
43,6,158
43,7,158
43,2,164
43,3,164
43,4,164
43,5,164
43,6,164
43,7,164
43,0,165
43,1,165
43,2,165
43,3,165
43,4,165
43,5,165
44,4,30
44,5,30
44,6,30
44,7,30
44,0,31
44,1,31
44,2,31
44,3,31
44,4,31
44,5,31
44,6,31
44,7,31
44,4,37
44,5,37
44,6,37
44,7,37
44,2,38
44,3,38
44,4,38
44,5,38
44,6,38
44,7,38
44,0,39
44,1,39
44,6,44
44,7,44
44,0,46
44,1,46
44,2,46
44,3,46
44,4,46
44,5,46
44,6,46
44,7,46
44,0,47
44,1,47
44,4,51
44,5,51
44,4,53
44,5,53
44,6,53
44,7,53
44,0,54
44,1,54
44,2,54
44,3,54
44,4,58
44,5,58
44,6,58
44,7,58
44,0,61
44,1,61
44,2,61
44,3,61
44,4,65
44,5,65
44,6,65
44,7,65
44,4,72
44,5,72
44,0,79
44,1,79
44,2,79
44,3,79
44,4,79
44,5,79
44,6,79
44,7,79
44,0,86
44,1,86
44,2,86
44,3,86
44,4,86
44,5,86
44,6,86
44,7,86
44,0,87
44,1,87
44,2,87
44,3,87
44,4,87
44,5,87
44,6,87
44,7,87
44,0,88
44,1,88
44,2,93
44,3,93
44,4,93
44,5,93
44,6,93
44,7,93
44,0,94
44,1,94
44,2,94
44,3,94
44,4,94
44,5,94
44,6,94
44,7,94
44,2,100
44,3,100
44,4,100
44,5,100
44,6,100
44,7,100
44,0,101
44,1,101
44,2,101
44,3,101
44,4,101
44,5,101
44,0,102
44,1,102
44,2,102
44,3,102
44,0,107
44,1,107
44,2,107
44,3,107
44,4,107
44,5,107
44,6,107
44,7,107
44,0,108
44,1,108
44,0,109
44,1,109
44,2,109
44,3,109
44,4,109
44,5,109
44,0,114
44,1,114
44,2,114
44,3,114
44,4,114
44,5,114
44,6,114
44,7,114
44,0,116
44,1,116
44,2,116
44,3,116
44,4,116
44,5,116
44,6,116
44,7,116
44,2,121
44,3,121
44,2,123
44,3,123
44,4,123
44,5,123
44,6,123
44,7,123
44,2,130
44,3,130
44,4,130
44,5,130
44,6,130
44,7,130
44,4,135
44,5,135
44,2,137
44,3,137
44,4,137
44,5,137
44,2,144
44,3,144
44,4,144
44,5,144
44,6,149
44,7,149
44,0,150
44,1,150
44,2,151
44,3,151
44,4,151
44,5,151
44,6,151
44,7,151
44,0,157
44,1,157
44,2,157
44,3,157
44,6,157
44,7,157
44,0,158
44,1,158
44,2,158
44,3,158
44,4,158
44,5,158
44,2,164
44,3,164
44,4,164
44,5,164
44,6,164
44,7,164
44,0,165
44,1,165
44,2,165
44,3,165
45,6,30
45,7,30
45,0,31
45,1,31
45,2,31
45,3,31
45,4,31
45,5,31
45,6,31
45,7,31
45,4,37
45,5,37
45,6,37
45,7,37
45,2,38
45,3,38
45,4,38
45,5,38
45,6,38
45,7,38
45,0,39
45,1,39
45,2,39
45,3,39
45,4,39
45,5,39
45,4,44
45,5,44
45,2,46
45,3,46
45,4,46
45,5,46
45,4,51
45,5,51
45,6,51
45,7,51
45,6,53
45,7,53
45,0,54
45,1,54
45,2,54
45,3,54
45,4,58
45,5,58
45,6,58
45,7,58
45,0,61
45,1,61
45,2,61
45,3,61
45,2,65
45,3,65
45,4,65
45,5,65
45,6,65
45,7,65
45,2,72
45,3,72
45,4,72
45,5,72
45,6,72
45,7,72
45,2,79
45,3,79
45,4,79
45,5,79
45,6,79
45,7,79
45,0,86
45,1,86
45,2,86
45,3,86
45,4,86
45,5,86
45,6,86
45,7,86
45,2,87
45,3,87
45,4,87
45,5,87
45,6,87
45,7,87
45,0,93
45,1,93
45,2,93
45,3,93
45,4,93
45,5,93
45,6,93
45,7,93
45,0,94
45,1,94
45,2,94
45,3,94
45,4,94
45,5,94
45,6,94
45,7,94
45,0,95
45,1,95
45,0,100
45,1,100
45,2,100
45,3,100
45,4,100
45,5,100
45,6,100
45,7,100
45,0,101
45,1,101
45,2,101
45,3,101
45,0,102
45,1,102
45,2,102
45,3,102
45,0,107
45,1,107
45,2,107
45,3,107
45,4,107
45,5,107
45,6,107
45,7,107
45,0,108
45,1,108
45,0,109
45,1,109
45,2,109
45,3,109
45,4,109
45,5,109
45,0,114
45,1,114
45,2,114
45,3,114
45,4,114
45,5,114
45,6,114
45,7,114
45,2,116
45,3,116
45,4,116
45,5,116
45,6,116
45,7,116
45,0,121
45,1,121
45,2,121
45,3,121
45,4,121
45,5,121
45,2,123
45,3,123
45,4,123
45,5,123
45,2,130
45,3,130
45,4,130
45,5,130
45,6,130
45,7,130
45,4,135
45,5,135
45,2,137
45,3,137
45,4,137
45,5,137
45,6,137
45,7,137
45,6,142
45,7,142
45,2,144
45,3,144
45,4,144
45,5,144
45,4,149
45,5,149
45,6,149
45,7,149
45,0,150
45,1,150
45,2,150
45,3,150
45,2,151
45,3,151
45,4,151
45,5,151
45,0,157
45,1,157
45,2,157
45,3,157
45,0,158
45,1,158
45,2,158
45,3,158
45,4,158
45,5,158
45,4,164
45,5,164
45,6,164
45,7,164
45,0,165
45,1,165
45,2,165
45,3,165
45,4,165
45,5,165
45,6,165
45,7,165
46,6,30
46,7,30
46,0,31
46,1,31
46,2,31
46,3,31
46,6,31
46,7,31
46,4,37
46,5,37
46,6,37
46,7,37
46,0,38
46,1,38
46,2,38
46,3,38
46,4,38
46,5,38
46,6,38
46,7,38
46,0,39
46,1,39
46,2,39
46,3,39
46,4,39
46,5,39
46,6,39
46,7,39
46,4,44
46,5,44
46,6,44
46,7,44
46,4,45
46,5,45
46,2,46
46,3,46
46,4,46
46,5,46
46,6,46
46,7,46
46,2,51
46,3,51
46,4,51
46,5,51
46,6,51
46,7,51
46,4,53
46,5,53
46,6,53
46,7,53
46,0,54
46,1,54
46,2,54
46,3,54
46,2,58
46,3,58
46,4,58
46,5,58
46,6,58
46,7,58
46,6,60
46,7,60
46,2,61
46,3,61
46,2,65
46,3,65
46,4,65
46,5,65
46,6,65
46,7,65
46,2,72
46,3,72
46,4,72
46,5,72
46,6,72
46,7,72
46,2,79
46,3,79
46,4,79
46,5,79
46,6,79
46,7,79
46,0,86
46,1,86
46,2,86
46,3,86
46,4,86
46,5,86
46,6,86
46,7,86
46,0,87
46,1,87
46,2,87
46,3,87
46,6,87
46,7,87
46,0,93
46,1,93
46,2,93
46,3,93
46,4,93
46,5,93
46,6,93
46,7,93
46,0,94
46,1,94
46,2,94
46,3,94
46,4,94
46,5,94
46,6,94
46,7,94
46,0,95
46,1,95
46,0,100
46,1,100
46,2,100
46,3,100
46,4,100
46,5,100
46,6,100
46,7,100
46,0,101
46,1,101
46,2,101
46,3,101
46,6,101
46,7,101
46,0,102
46,1,102
46,2,102
46,3,102
46,0,107
46,1,107
46,2,107
46,3,107
46,4,107
46,5,107
46,6,107
46,7,107
46,0,109
46,1,109
46,2,109
46,3,109
46,4,109
46,5,109
46,6,109
46,7,109
46,2,114
46,3,114
46,4,114
46,5,114
46,6,114
46,7,114
46,2,116
46,3,116
46,4,116
46,5,116
46,2,121
46,3,121
46,4,121
46,5,121
46,4,123
46,5,123
46,4,128
46,5,128
46,2,130
46,3,130
46,4,130
46,5,130
46,6,130
46,7,130
46,4,135
46,5,135
46,2,137
46,3,137
46,4,137
46,5,137
46,6,137
46,7,137
46,6,142
46,7,142
46,2,144
46,3,144
46,4,144
46,5,144
46,6,144
46,7,144
46,6,149
46,7,149
46,2,150
46,3,150
46,2,151
46,3,151
46,4,151
46,5,151
46,0,157
46,1,157
46,2,157
46,3,157
46,6,157
46,7,157
46,0,158
46,1,158
46,4,158
46,5,158
46,6,158
46,7,158
46,0,164
46,1,164
46,2,164
46,3,164
46,4,164
46,5,164
46,6,164
46,7,164
46,0,165
46,1,165
46,2,165
46,3,165
46,4,165
46,5,165
47,6,30
47,7,30
47,0,31
47,1,31
47,2,31
47,3,31
47,4,31
47,5,31
47,6,31
47,7,31
47,4,37
47,5,37
47,6,37
47,7,37
47,2,38
47,3,38
47,4,38
47,5,38
47,6,38
47,7,38
47,0,39
47,1,39
47,2,39
47,3,39
47,4,39
47,5,39
47,6,44
47,7,44
47,0,46
47,1,46
47,2,46
47,3,46
47,4,46
47,5,46
47,4,53
47,5,53
47,6,53
47,7,53
47,0,54
47,1,54
47,2,54
47,3,54
47,2,58
47,3,58
47,4,58
47,5,58
47,6,58
47,7,58
47,2,61
47,3,61
47,4,61
47,5,61
47,2,65
47,3,65
47,4,65
47,5,65
47,6,65
47,7,65
47,2,72
47,3,72
47,4,72
47,5,72
47,2,79
47,3,79
47,4,79
47,5,79
47,6,79
47,7,79
47,2,86
47,3,86
47,4,86
47,5,86
47,6,86
47,7,86
47,0,87
47,1,87
47,2,87
47,3,87
47,4,87
47,5,87
47,6,87
47,7,87
47,0,93
47,1,93
47,2,93
47,3,93
47,4,93
47,5,93
47,6,93
47,7,93
47,0,94
47,1,94
47,2,94
47,3,94
47,4,94
47,5,94
47,6,94
47,7,94
47,0,95
47,1,95
47,2,95
47,3,95
47,0,100
47,1,100
47,2,100
47,3,100
47,4,100
47,5,100
47,6,100
47,7,100
47,0,101
47,1,101
47,2,101
47,3,101
47,6,101
47,7,101
47,0,102
47,1,102
47,2,102
47,3,102
47,0,107
47,1,107
47,2,107
47,3,107
47,4,107
47,5,107
47,6,107
47,7,107
47,0,108
47,1,108
47,6,108
47,7,108
47,0,109
47,1,109
47,2,109
47,3,109
47,4,109
47,5,109
47,6,109
47,7,109
47,0,114
47,1,114
47,2,114
47,3,114
47,4,114
47,5,114
47,6,114
47,7,114
47,2,116
47,3,116
47,4,116
47,5,116
47,2,121
47,3,121
47,4,121
47,5,121
47,2,123
47,3,123
47,4,123
47,5,123
47,6,123
47,7,123
47,2,130
47,3,130
47,4,130
47,5,130
47,6,130
47,7,130
47,4,135
47,5,135
47,2,137
47,3,137
47,4,137
47,5,137
47,6,137
47,7,137
47,6,142
47,7,142
47,2,144
47,3,144
47,4,144
47,5,144
47,0,150
47,1,150
47,0,151
47,1,151
47,2,151
47,3,151
47,4,151
47,5,151
47,0,157
47,1,157
47,2,157
47,3,157
47,6,157
47,7,157
47,0,158
47,1,158
47,2,158
47,3,158
47,4,158
47,5,158
47,2,164
47,3,164
47,4,164
47,5,164
47,6,164
47,7,164
47,0,165
47,1,165
47,2,165
47,3,165
47,6,165
47,7,165
48,6,30
48,7,30
48,0,31
48,1,31
48,2,31
48,3,31
48,4,31
48,5,31
48,6,31
48,7,31
48,4,37
48,5,37
48,6,37
48,7,37
48,0,38
48,1,38
48,2,38
48,3,38
48,4,38
48,5,38
48,6,38
48,7,38
48,0,39
48,1,39
48,2,39
48,3,39
48,6,44
48,7,44
48,0,46
48,1,46
48,2,46
48,3,46
48,4,46
48,5,46
48,4,51
48,5,51
48,6,51
48,7,51
48,6,53
48,7,53
48,0,54
48,1,54
48,2,54
48,3,54
48,2,58
48,3,58
48,4,58
48,5,58
48,6,58
48,7,58
48,2,61
48,3,61
48,2,65
48,3,65
48,4,65
48,5,65
48,6,65
48,7,65
48,0,66
48,1,66
48,2,72
48,3,72
48,4,72
48,5,72
48,2,79
48,3,79
48,4,79
48,5,79
48,6,79
48,7,79
48,2,86
48,3,86
48,4,86
48,5,86
48,6,86
48,7,86
48,2,87
48,3,87
48,6,87
48,7,87
48,0,93
48,1,93
48,2,93
48,3,93
48,4,93
48,5,93
48,6,93
48,7,93
48,0,94
48,1,94
48,2,94
48,3,94
48,4,94
48,5,94
48,6,94
48,7,94
48,0,95
48,1,95
48,0,100
48,1,100
48,2,100
48,3,100
48,4,100
48,5,100
48,6,100
48,7,100
48,0,101
48,1,101
48,2,101
48,3,101
48,4,101
48,5,101
48,6,101
48,7,101
48,0,102
48,1,102
48,2,102
48,3,102
48,4,102
48,5,102
48,2,107
48,3,107
48,4,107
48,5,107
48,6,107
48,7,107
48,0,108
48,1,108
48,2,109
48,3,109
48,4,109
48,5,109
48,0,114
48,1,114
48,2,114
48,3,114
48,4,114
48,5,114
48,6,114
48,7,114
48,2,116
48,3,116
48,4,116
48,5,116
48,6,116
48,7,116
48,2,121
48,3,121
48,4,121
48,5,121
48,2,123
48,3,123
48,4,123
48,5,123
48,2,130
48,3,130
48,4,130
48,5,130
48,4,135
48,5,135
48,2,137
48,3,137
48,4,137
48,5,137
48,6,137
48,7,137
48,6,142
48,7,142
48,2,144
48,3,144
48,4,144
48,5,144
48,6,144
48,7,144
48,2,151
48,3,151
48,4,151
48,5,151
48,6,151
48,7,151
48,0,157
48,1,157
48,2,157
48,3,157
48,6,157
48,7,157
48,0,158
48,1,158
48,2,158
48,3,158
48,4,158
48,5,158
48,6,158
48,7,158
48,2,164
48,3,164
48,4,164
48,5,164
48,6,164
48,7,164
48,0,165
48,1,165
48,2,165
48,3,165
49,0,31
49,1,31
49,2,31
49,3,31
49,4,31
49,5,31
49,4,37
49,5,37
49,6,37
49,7,37
49,0,38
49,1,38
49,2,38
49,3,38
49,4,38
49,5,38
49,6,38
49,7,38
49,0,39
49,1,39
49,2,39
49,3,39
49,4,44
49,5,44
49,2,45
49,3,45
49,6,45
49,7,45
49,0,46
49,1,46
49,2,46
49,3,46
49,4,46
49,5,46
49,6,46
49,7,46
49,4,51
49,5,51
49,4,53
49,5,53
49,6,53
49,7,53
49,0,54
49,1,54
49,4,58
49,5,58
49,6,58
49,7,58
49,2,61
49,3,61
49,2,65
49,3,65
49,4,65
49,5,65
49,6,65
49,7,65
49,0,66
49,1,66
49,2,72
49,3,72
49,4,72
49,5,72
49,6,72
49,7,72
49,0,79
49,1,79
49,2,79
49,3,79
49,4,79
49,5,79
49,6,79
49,7,79
49,2,86
49,3,86
49,4,86
49,5,86
49,6,86
49,7,86
49,0,87
49,1,87
49,2,87
49,3,87
49,2,93
49,3,93
49,4,93
49,5,93
49,6,93
49,7,93
49,0,94
49,1,94
49,2,94
49,3,94
49,6,94
49,7,94
49,0,95
49,1,95
49,0,100
49,1,100
49,2,100
49,3,100
49,4,100
49,5,100
49,6,100
49,7,100
49,0,101
49,1,101
49,0,102
49,1,102
49,2,102
49,3,102
49,4,102
49,5,102
49,0,107
49,1,107
49,2,107
49,3,107
49,4,107
49,5,107
49,6,107
49,7,107
49,0,108
49,1,108
49,0,109
49,1,109
49,2,109
49,3,109
49,4,109
49,5,109
49,0,114
49,1,114
49,2,114
49,3,114
49,4,114
49,5,114
49,6,114
49,7,114
49,0,115
49,1,115
49,2,116
49,3,116
49,4,116
49,5,116
49,0,121
49,1,121
49,2,121
49,3,121
49,4,121
49,5,121
49,6,121
49,7,121
49,2,123
49,3,123
49,4,123
49,5,123
49,6,123
49,7,123
49,2,130
49,3,130
49,4,130
49,5,130
49,6,130
49,7,130
49,2,137
49,3,137
49,4,137
49,5,137
49,6,137
49,7,137
49,4,142
49,5,142
49,6,142
49,7,142
49,2,144
49,3,144
49,4,144
49,5,144
49,0,150
49,1,150
49,0,151
49,1,151
49,2,151
49,3,151
49,4,151
49,5,151
49,6,151
49,7,151
49,0,157
49,1,157
49,2,157
49,3,157
49,6,157
49,7,157
49,0,158
49,1,158
49,2,158
49,3,158
49,4,158
49,5,158
49,4,164
49,5,164
49,6,164
49,7,164
49,0,165
49,1,165
49,2,165
49,3,165
49,4,165
49,5,165
50,6,30
50,7,30
50,0,31
50,1,31
50,2,31
50,3,31
50,4,31
50,5,31
50,4,37
50,5,37
50,6,37
50,7,37
50,0,38
50,1,38
50,2,38
50,3,38
50,4,38
50,5,38
50,6,38
50,7,38
50,0,39
50,1,39
50,2,39
50,3,39
50,4,44
50,5,44
50,0,46
50,1,46
50,2,46
50,3,46
50,4,46
50,5,46
50,6,46
50,7,46
50,0,47
50,1,47
50,2,51
50,3,51
50,4,51
50,5,51
50,2,53
50,3,53
50,6,53
50,7,53
50,0,54
50,1,54
50,2,54
50,3,54
50,4,58
50,5,58
50,6,58
50,7,58
50,0,61
50,1,61
50,2,61
50,3,61
50,4,65
50,5,65
50,6,65
50,7,65
50,2,72
50,3,72
50,4,72
50,5,72
50,6,72
50,7,72
50,0,79
50,1,79
50,2,79
50,3,79
50,4,79
50,5,79
50,6,79
50,7,79
50,0,86
50,1,86
50,2,86
50,3,86
50,4,86
50,5,86
50,6,86
50,7,86
50,0,87
50,1,87
50,2,87
50,3,87
50,4,87
50,5,87
50,6,87
50,7,87
50,0,93
50,1,93
50,2,93
50,3,93
50,4,93
50,5,93
50,6,93
50,7,93
50,0,94
50,1,94
50,2,94
50,3,94
50,4,94
50,5,94
50,6,94
50,7,94
50,0,95
50,1,95
50,0,100
50,1,100
50,2,100
50,3,100
50,4,100
50,5,100
50,6,100
50,7,100
50,0,101
50,1,101
50,2,101
50,3,101
50,0,102
50,1,102
50,2,102
50,3,102
50,4,102
50,5,102
50,0,107
50,1,107
50,2,107
50,3,107
50,4,107
50,5,107
50,6,107
50,7,107
50,0,108
50,1,108
50,2,108
50,3,108
50,2,109
50,3,109
50,4,109
50,5,109
50,0,114
50,1,114
50,2,114
50,3,114
50,4,114
50,5,114
50,2,116
50,3,116
50,4,116
50,5,116
50,0,121
50,1,121
50,4,121
50,5,121
50,2,123
50,3,123
50,4,123
50,5,123
50,2,130
50,3,130
50,4,130
50,5,130
50,6,130
50,7,130
50,4,135
50,5,135
50,2,137
50,3,137
50,4,137
50,5,137
50,0,143
50,1,143
50,2,144
50,3,144
50,4,144
50,5,144
50,0,150
50,1,150
50,0,151
50,1,151
50,2,151
50,3,151
50,4,151
50,5,151
50,6,156
50,7,156
50,0,157
50,1,157
50,2,157
50,3,157
50,4,157
50,5,157
50,0,158
50,1,158
50,2,158
50,3,158
50,4,158
50,5,158
50,0,164
50,1,164
50,2,164
50,3,164
50,4,164
50,5,164
50,6,164
50,7,164
50,0,165
50,1,165
50,2,165
50,3,165
51,0,31
51,1,31
51,2,31
51,3,31
51,4,31
51,5,31
51,6,31
51,7,31
51,4,37
51,5,37
51,6,37
51,7,37
51,0,38
51,1,38
51,2,38
51,3,38
51,4,38
51,5,38
51,6,38
51,7,38
51,0,39
51,1,39
51,2,39
51,3,39
51,4,44
51,5,44
51,6,44
51,7,44
51,6,45
51,7,45
51,0,46
51,1,46
51,4,46
51,5,46
51,6,46
51,7,46
51,6,51
51,7,51
51,4,53
51,5,53
51,6,53
51,7,53
51,0,54
51,1,54
51,4,58
51,5,58
51,6,58
51,7,58
51,2,61
51,3,61
51,2,65
51,3,65
51,4,65
51,5,65
51,6,65
51,7,65
51,2,72
51,3,72
51,4,72
51,5,72
51,2,79
51,3,79
51,4,79
51,5,79
51,6,79
51,7,79
51,0,86
51,1,86
51,2,86
51,3,86
51,4,86
51,5,86
51,6,86
51,7,86
51,0,87
51,1,87
51,2,87
51,3,87
51,4,87
51,5,87
51,6,87
51,7,87
51,2,93
51,3,93
51,4,93
51,5,93
51,6,93
51,7,93
51,0,94
51,1,94
51,2,94
51,3,94
51,4,94
51,5,94
51,6,94
51,7,94
51,0,95
51,1,95
51,0,100
51,1,100
51,2,100
51,3,100
51,4,100
51,5,100
51,6,100
51,7,100
51,0,101
51,1,101
51,2,101
51,3,101
51,4,101
51,5,101
51,6,101
51,7,101
51,0,102
51,1,102
51,2,102
51,3,102
51,0,107
51,1,107
51,2,107
51,3,107
51,4,107
51,5,107
51,6,107
51,7,107
51,0,108
51,1,108
51,2,108
51,3,108
51,0,109
51,1,109
51,2,109
51,3,109
51,4,109
51,5,109
51,0,114
51,1,114
51,2,114
51,3,114
51,4,114
51,5,114
51,2,116
51,3,116
51,4,116
51,5,116
51,0,121
51,1,121
51,2,121
51,3,121
51,4,121
51,5,121
51,2,123
51,3,123
51,4,123
51,5,123
51,6,123
51,7,123
51,2,130
51,3,130
51,4,130
51,5,130
51,6,130
51,7,130
51,2,137
51,3,137
51,4,137
51,5,137
51,6,142
51,7,142
51,2,144
51,3,144
51,4,144
51,5,144
51,0,150
51,1,150
51,2,151
51,3,151
51,4,151
51,5,151
51,0,157
51,1,157
51,2,157
51,3,157
51,4,157
51,5,157
51,0,158
51,1,158
51,2,158
51,3,158
51,4,158
51,5,158
51,0,164
51,1,164
51,2,164
51,3,164
51,4,164
51,5,164
51,6,164
51,7,164
51,0,165
51,1,165
51,2,165
51,3,165
51,6,165
51,7,165
52,6,30
52,7,30
52,0,31
52,1,31
52,2,31
52,3,31
52,4,31
52,5,31
52,6,31
52,7,31
52,4,37
52,5,37
52,6,37
52,7,37
52,0,38
52,1,38
52,2,38
52,3,38
52,4,38
52,5,38
52,6,38
52,7,38
52,0,39
52,1,39
52,4,39
52,5,39
52,2,45
52,3,45
52,0,46
52,1,46
52,4,46
52,5,46
52,6,46
52,7,46
52,0,47
52,1,47
52,4,51
52,5,51
52,6,51
52,7,51
52,6,53
52,7,53
52,0,54
52,1,54
52,2,58
52,3,58
52,4,58
52,5,58
52,2,61
52,3,61
52,4,61
52,5,61
52,2,65
52,3,65
52,4,65
52,5,65
52,6,65
52,7,65
52,2,72
52,3,72
52,4,72
52,5,72
52,6,72
52,7,72
52,2,79
52,3,79
52,4,79
52,5,79
52,2,86
52,3,86
52,4,86
52,5,86
52,6,86
52,7,86
52,2,87
52,3,87
52,4,87
52,5,87
52,6,87
52,7,87
52,2,93
52,3,93
52,4,93
52,5,93
52,6,93
52,7,93
52,0,94
52,1,94
52,4,94
52,5,94
52,6,94
52,7,94
52,0,95
52,1,95
52,0,100
52,1,100
52,2,100
52,3,100
52,4,100
52,5,100
52,6,100
52,7,100
52,0,101
52,1,101
52,2,101
52,3,101
52,0,102
52,1,102
52,2,102
52,3,102
52,4,102
52,5,102
52,0,107
52,1,107
52,2,107
52,3,107
52,4,107
52,5,107
52,6,107
52,7,107
52,0,108
52,1,108
52,2,109
52,3,109
52,4,109
52,5,109
52,0,114
52,1,114
52,2,114
52,3,114
52,4,114
52,5,114
52,6,114
52,7,114
52,2,116
52,3,116
52,4,116
52,5,116
52,2,121
52,3,121
52,2,123
52,3,123
52,4,123
52,5,123
52,2,130
52,3,130
52,4,130
52,5,130
52,6,130
52,7,130
52,4,135
52,5,135
52,2,137
52,3,137
52,4,137
52,5,137
52,6,137
52,7,137
52,4,142
52,5,142
52,6,142
52,7,142
52,2,144
52,3,144
52,4,144
52,5,144
52,6,149
52,7,149
52,0,150
52,1,150
52,2,151
52,3,151
52,4,151
52,5,151
52,0,157
52,1,157
52,2,157
52,3,157
52,0,158
52,1,158
52,2,158
52,3,158
52,4,158
52,5,158
52,6,158
52,7,158
52,2,164
52,3,164
52,4,164
52,5,164
52,6,164
52,7,164
52,0,165
52,1,165
52,2,165
52,3,165
52,4,165
52,5,165
53,6,30
53,7,30
53,0,31
53,1,31
53,2,31
53,3,31
53,4,31
53,5,31
53,0,32
53,1,32
53,4,37
53,5,37
53,6,37
53,7,37
53,0,38
53,1,38
53,2,38
53,3,38
53,4,38
53,5,38
53,6,38
53,7,38
53,0,39
53,1,39
53,2,39
53,3,39
53,4,39
53,5,39
53,6,45
53,7,45
53,4,46
53,5,46
53,6,53
53,7,53
53,0,54
53,1,54
53,2,58
53,3,58
53,4,58
53,5,58
53,6,58
53,7,58
53,2,61
53,3,61
53,4,65
53,5,65
53,6,65
53,7,65
53,2,72
53,3,72
53,4,72
53,5,72
53,2,79
53,3,79
53,4,79
53,5,79
53,6,79
53,7,79
53,0,86
53,1,86
53,2,86
53,3,86
53,4,86
53,5,86
53,6,86
53,7,86
53,2,87
53,3,87
53,0,93
53,1,93
53,2,93
53,3,93
53,4,93
53,5,93
53,6,93
53,7,93
53,0,94
53,1,94
53,2,94
53,3,94
53,4,94
53,5,94
53,6,94
53,7,94
53,0,95
53,1,95
53,2,95
53,3,95
53,0,100
53,1,100
53,4,100
53,5,100
53,6,100
53,7,100
53,0,101
53,1,101
53,2,101
53,3,101
53,4,101
53,5,101
53,6,101
53,7,101
53,0,102
53,1,102
53,2,102
53,3,102
53,6,106
53,7,106
53,0,107
53,1,107
53,2,107
53,3,107
53,4,107
53,5,107
53,6,107
53,7,107
53,2,109
53,3,109
53,4,109
53,5,109
53,0,114
53,1,114
53,2,114
53,3,114
53,4,114
53,5,114
53,6,114
53,7,114
53,2,116
53,3,116
53,4,116
53,5,116
53,2,121
53,3,121
53,4,121
53,5,121
53,6,121
53,7,121
53,2,123
53,3,123
53,4,123
53,5,123
53,2,130
53,3,130
53,4,130
53,5,130
53,6,130
53,7,130
53,2,137
53,3,137
53,4,137
53,5,137
53,6,137
53,7,137
53,6,142
53,7,142
53,2,144
53,3,144
53,4,144
53,5,144
53,0,150
53,1,150
53,2,151
53,3,151
53,4,151
53,5,151
53,0,157
53,1,157
53,2,157
53,3,157
53,6,157
53,7,157
53,0,158
53,1,158
53,2,158
53,3,158
53,4,158
53,5,158
53,6,158
53,7,158
53,2,164
53,3,164
53,4,164
53,5,164
53,6,164
53,7,164
53,0,165
53,1,165
53,2,165
53,3,165
53,4,165
53,5,165
54,2,31
54,3,31
54,4,31
54,5,31
54,6,31
54,7,31
54,4,37
54,5,37
54,6,37
54,7,37
54,0,38
54,1,38
54,2,38
54,3,38
54,4,38
54,5,38
54,6,38
54,7,38
54,0,39
54,1,39
54,2,39
54,3,39
54,4,39
54,5,39
54,6,44
54,7,44
54,0,46
54,1,46
54,2,46
54,3,46
54,4,46
54,5,46
54,4,51
54,5,51
54,6,51
54,7,51
54,6,53
54,7,53
54,0,54
54,1,54
54,2,54
54,3,54
54,2,58
54,3,58
54,4,58
54,5,58
54,6,58
54,7,58
54,2,61
54,3,61
54,4,65
54,5,65
54,6,65
54,7,65
54,2,72
54,3,72
54,4,72
54,5,72
54,6,72
54,7,72
54,0,79
54,1,79
54,2,79
54,3,79
54,4,79
54,5,79
54,6,79
54,7,79
54,0,86
54,1,86
54,2,86
54,3,86
54,4,86
54,5,86
54,6,86
54,7,86
54,0,87
54,1,87
54,4,87
54,5,87
54,6,87
54,7,87
54,0,93
54,1,93
54,2,93
54,3,93
54,4,93
54,5,93
54,6,93
54,7,93
54,0,94
54,1,94
54,2,94
54,3,94
54,4,94
54,5,94
54,6,94
54,7,94
54,0,95
54,1,95
54,2,100
54,3,100
54,4,100
54,5,100
54,6,100
54,7,100
54,0,101
54,1,101
54,2,101
54,3,101
54,6,101
54,7,101
54,0,102
54,1,102
54,2,102
54,3,102
54,0,107
54,1,107
54,2,107
54,3,107
54,4,107
54,5,107
54,6,107
54,7,107
54,0,108
54,1,108
54,2,108
54,3,108
54,0,109
54,1,109
54,2,109
54,3,109
54,4,109
54,5,109
54,0,114
54,1,114
54,2,114
54,3,114
54,4,114
54,5,114
54,6,114
54,7,114
54,2,116
54,3,116
54,4,116
54,5,116
54,6,116
54,7,116
54,0,121
54,1,121
54,4,121
54,5,121
54,4,123
54,5,123
54,6,123
54,7,123
54,2,130
54,3,130
54,4,130
54,5,130
54,6,135
54,7,135
54,4,137
54,5,137
54,6,137
54,7,137
54,6,142
54,7,142
54,2,144
54,3,144
54,4,144
54,5,144
54,0,150
54,1,150
54,2,151
54,3,151
54,4,151
54,5,151
54,6,151
54,7,151
54,0,157
54,1,157
54,2,157
54,3,157
54,4,157
54,5,157
54,6,157
54,7,157
54,2,158
54,3,158
54,4,158
54,5,158
54,6,158
54,7,158
54,2,164
54,3,164
54,4,164
54,5,164
54,6,164
54,7,164
54,0,165
54,1,165
54,2,165
54,3,165
54,6,165
54,7,165
55,0,31
55,1,31
55,4,31
55,5,31
55,6,31
55,7,31
55,4,37
55,5,37
55,6,37
55,7,37
55,0,38
55,1,38
55,2,38
55,3,38
55,4,38
55,5,38
55,6,38
55,7,38
55,0,39
55,1,39
55,2,39
55,3,39
55,4,39
55,5,39
55,0,46
55,1,46
55,4,46
55,5,46
55,6,46
55,7,46
55,0,47
55,1,47
55,4,53
55,5,53
55,6,53
55,7,53
55,0,54
55,1,54
55,2,54
55,3,54
55,4,58
55,5,58
55,6,58
55,7,58
55,2,61
55,3,61
55,4,61
55,5,61
55,2,65
55,3,65
55,4,65
55,5,65
55,6,65
55,7,65
55,2,72
55,3,72
55,4,72
55,5,72
55,6,72
55,7,72
55,2,79
55,3,79
55,4,79
55,5,79
55,6,79
55,7,79
55,2,86
55,3,86
55,4,86
55,5,86
55,6,86
55,7,86
55,0,87
55,1,87
55,4,87
55,5,87
55,6,87
55,7,87
55,2,93
55,3,93
55,4,93
55,5,93
55,6,93
55,7,93
55,0,94
55,1,94
55,2,94
55,3,94
55,4,94
55,5,94
55,6,94
55,7,94
55,0,95
55,1,95
55,0,100
55,1,100
55,2,100
55,3,100
55,4,100
55,5,100
55,6,100
55,7,100
55,0,101
55,1,101
55,2,101
55,3,101
55,4,101
55,5,101
55,0,102
55,1,102
55,0,107
55,1,107
55,2,107
55,3,107
55,4,107
55,5,107
55,6,107
55,7,107
55,0,108
55,1,108
55,0,109
55,1,109
55,2,109
55,3,109
55,4,109
55,5,109
55,6,109
55,7,109
55,0,114
55,1,114
55,2,114
55,3,114
55,4,114
55,5,114
55,6,114
55,7,114
55,2,116
55,3,116
55,4,116
55,5,116
55,2,121
55,3,121
55,4,123
55,5,123
55,6,123
55,7,123
55,2,130
55,3,130
55,4,130
55,5,130
55,2,137
55,3,137
55,4,137
55,5,137
55,6,137
55,7,137
55,6,142
55,7,142
55,2,144
55,3,144
55,4,144
55,5,144
55,0,150
55,1,150
55,0,151
55,1,151
55,2,151
55,3,151
55,4,151
55,5,151
55,6,151
55,7,151
55,0,157
55,1,157
55,2,157
55,3,157
55,4,157
55,5,157
55,6,157
55,7,157
55,0,158
55,1,158
55,2,158
55,3,158
55,4,158
55,5,158
55,6,158
55,7,158
55,0,164
55,1,164
55,2,164
55,3,164
55,4,164
55,5,164
55,6,164
55,7,164
55,0,165
55,1,165
55,2,165
55,3,165
56,4,30
56,5,30
56,0,31
56,1,31
56,2,31
56,3,31
56,0,32
56,1,32
56,4,37
56,5,37
56,6,37
56,7,37
56,2,38
56,3,38
56,4,38
56,5,38
56,6,38
56,7,38
56,0,39
56,1,39
56,2,39
56,3,39
56,2,45
56,3,45
56,4,45
56,5,45
56,0,46
56,1,46
56,2,46
56,3,46
56,4,46
56,5,46
56,6,46
56,7,46
56,6,51
56,7,51
56,4,53
56,5,53
56,6,53
56,7,53
56,0,54
56,1,54
56,4,58
56,5,58
56,6,58
56,7,58
56,2,61
56,3,61
56,2,65
56,3,65
56,4,65
56,5,65
56,6,65
56,7,65
56,0,66
56,1,66
56,2,72
56,3,72
56,4,72
56,5,72
56,6,72
56,7,72
56,2,79
56,3,79
56,4,79
56,5,79
56,6,79
56,7,79
56,2,86
56,3,86
56,4,86
56,5,86
56,6,86
56,7,86
56,0,87
56,1,87
56,4,87
56,5,87
56,6,87
56,7,87
56,2,93
56,3,93
56,4,93
56,5,93
56,6,93
56,7,93
56,0,94
56,1,94
56,2,94
56,3,94
56,4,94
56,5,94
56,6,94
56,7,94
56,0,95
56,1,95
56,2,100
56,3,100
56,4,100
56,5,100
56,6,100
56,7,100
56,0,101
56,1,101
56,2,101
56,3,101
56,0,102
56,1,102
56,2,102
56,3,102
56,4,102
56,5,102
56,6,106
56,7,106
56,0,107
56,1,107
56,2,107
56,3,107
56,4,107
56,5,107
56,6,107
56,7,107
56,0,109
56,1,109
56,2,109
56,3,109
56,4,109
56,5,109
56,0,114
56,1,114
56,2,114
56,3,114
56,4,114
56,5,114
56,2,116
56,3,116
56,4,116
56,5,116
56,2,121
56,3,121
56,4,121
56,5,121
56,2,123
56,3,123
56,4,123
56,5,123
56,6,123
56,7,123
56,4,130
56,5,130
56,6,130
56,7,130
56,4,137
56,5,137
56,6,137
56,7,137
56,4,142
56,5,142
56,6,142
56,7,142
56,0,143
56,1,143
56,2,144
56,3,144
56,4,144
56,5,144
56,4,149
56,5,149
56,6,149
56,7,149
56,0,150
56,1,150
56,2,150
56,3,150
56,2,151
56,3,151
56,4,151
56,5,151
56,0,157
56,1,157
56,2,157
56,3,157
56,4,157
56,5,157
56,6,157
56,7,157
56,0,158
56,1,158
56,2,158
56,3,158
56,4,158
56,5,158
56,0,164
56,1,164
56,2,164
56,3,164
56,4,164
56,5,164
56,6,164
56,7,164
56,0,165
56,1,165
56,2,165
56,3,165
57,0,31
57,1,31
57,2,31
57,3,31
57,6,31
57,7,31
57,4,37
57,5,37
57,6,37
57,7,37
57,0,38
57,1,38
57,2,38
57,3,38
57,4,38
57,5,38
57,6,38
57,7,38
57,0,39
57,1,39
57,4,39
57,5,39
57,6,39
57,7,39
57,4,44
57,5,44
57,0,46
57,1,46
57,2,46
57,3,46
57,4,46
57,5,46
57,6,46
57,7,46
57,2,51
57,3,51
57,4,51
57,5,51
57,4,53
57,5,53
57,6,53
57,7,53
57,0,54
57,1,54
57,2,58
57,3,58
57,4,58
57,5,58
57,6,58
57,7,58
57,2,61
57,3,61
57,4,61
57,5,61
57,2,65
57,3,65
57,4,65
57,5,65
57,6,65
57,7,65
57,2,72
57,3,72
57,4,72
57,5,72
57,6,72
57,7,72
57,2,79
57,3,79
57,4,79
57,5,79
57,6,79
57,7,79
57,0,86
57,1,86
57,2,86
57,3,86
57,4,86
57,5,86
57,6,86
57,7,86
57,0,87
57,1,87
57,2,87
57,3,87
57,4,87
57,5,87
57,2,93
57,3,93
57,4,93
57,5,93
57,6,93
57,7,93
57,0,94
57,1,94
57,2,94
57,3,94
57,4,94
57,5,94
57,6,94
57,7,94
57,0,95
57,1,95
57,0,100
57,1,100
57,2,100
57,3,100
57,4,100
57,5,100
57,6,100
57,7,100
57,0,101
57,1,101
57,2,101
57,3,101
57,0,102
57,1,102
57,2,102
57,3,102
57,0,107
57,1,107
57,2,107
57,3,107
57,4,107
57,5,107
57,6,107
57,7,107
57,0,108
57,1,108
57,0,109
57,1,109
57,2,109
57,3,109
57,4,109
57,5,109
57,6,109
57,7,109
57,0,114
57,1,114
57,2,114
57,3,114
57,4,114
57,5,114
57,6,114
57,7,114
57,2,116
57,3,116
57,4,116
57,5,116
57,2,121
57,3,121
57,4,121
57,5,121
57,6,121
57,7,121
57,2,123
57,3,123
57,4,123
57,5,123
57,2,130
57,3,130
57,4,130
57,5,130
57,6,130
57,7,130
57,6,135
57,7,135
57,4,137
57,5,137
57,6,137
57,7,137
57,4,142
57,5,142
57,6,142
57,7,142
57,2,144
57,3,144
57,4,144
57,5,144
57,6,144
57,7,144
57,6,149
57,7,149
57,0,150
57,1,150
57,2,151
57,3,151
57,4,151
57,5,151
57,0,157
57,1,157
57,2,157
57,3,157
57,6,157
57,7,157
57,0,158
57,1,158
57,2,158
57,3,158
57,4,158
57,5,158
57,4,164
57,5,164
57,6,164
57,7,164
57,0,165
57,1,165
57,2,165
57,3,165
58,6,30
58,7,30
58,0,31
58,1,31
58,2,31
58,3,31
58,4,31
58,5,31
58,6,31
58,7,31
58,6,37
58,7,37
58,0,38
58,1,38
58,2,38
58,3,38
58,4,38
58,5,38
58,6,38
58,7,38
58,0,39
58,1,39
58,2,39
58,3,39
58,4,39
58,5,39
58,6,45
58,7,45
58,0,46
58,1,46
58,2,46
58,3,46
58,4,46
58,5,46
58,6,46
58,7,46
58,0,47
58,1,47
58,4,51
58,5,51
58,6,51
58,7,51
58,4,53
58,5,53
58,6,53
58,7,53
58,0,54
58,1,54
58,2,54
58,3,54
58,4,58
58,5,58
58,6,58
58,7,58
58,2,61
58,3,61
58,4,65
58,5,65
58,6,65
58,7,65
58,4,72
58,5,72
58,6,72
58,7,72
58,2,79
58,3,79
58,4,79
58,5,79
58,6,79
58,7,79
58,0,86
58,1,86
58,2,86
58,3,86
58,4,86
58,5,86
58,6,86
58,7,86
58,4,87
58,5,87
58,6,87
58,7,87
58,2,93
58,3,93
58,4,93
58,5,93
58,6,93
58,7,93
58,0,94
58,1,94
58,2,94
58,3,94
58,4,94
58,5,94
58,6,94
58,7,94
58,0,95
58,1,95
58,2,100
58,3,100
58,4,100
58,5,100
58,6,100
58,7,100
58,0,101
58,1,101
58,2,101
58,3,101
58,0,102
58,1,102
58,2,102
58,3,102
58,4,102
58,5,102
58,6,106
58,7,106
58,0,107
58,1,107
58,2,107
58,3,107
58,4,107
58,5,107
58,6,107
58,7,107
58,0,108
58,1,108
58,0,109
58,1,109
58,2,109
58,3,109
58,4,109
58,5,109
58,0,114
58,1,114
58,2,114
58,3,114
58,4,114
58,5,114
58,6,114
58,7,114
58,2,116
58,3,116
58,4,116
58,5,116
58,0,121
58,1,121
58,2,121
58,3,121
58,4,121
58,5,121
58,2,123
58,3,123
58,4,123
58,5,123
58,2,130
58,3,130
58,4,130
58,5,130
58,6,130
58,7,130
58,4,135
58,5,135
58,2,137
58,3,137
58,4,137
58,5,137
58,6,137
58,7,137
58,6,142
58,7,142
58,2,144
58,3,144
58,4,144
58,5,144
58,0,150
58,1,150
58,2,150
58,3,150
58,0,151
58,1,151
58,2,151
58,3,151
58,4,151
58,5,151
58,6,151
58,7,151
58,2,157
58,3,157
58,4,157
58,5,157
58,0,158
58,1,158
58,2,158
58,3,158
58,4,158
58,5,158
58,4,164
58,5,164
58,6,164
58,7,164
58,0,165
58,1,165
58,2,165
58,3,165
58,4,165
58,5,165
59,0,31
59,1,31
59,2,31
59,3,31
59,0,32
59,1,32
59,4,37
59,5,37
59,6,37
59,7,37
59,0,38
59,1,38
59,2,38
59,3,38
59,4,38
59,5,38
59,6,38
59,7,38
59,0,39
59,1,39
59,2,39
59,3,39
59,6,44
59,7,44
59,4,46
59,5,46
59,6,46
59,7,46
59,0,47
59,1,47
59,2,51
59,3,51
59,6,51
59,7,51
59,4,53
59,5,53
59,6,53
59,7,53
59,0,54
59,1,54
59,2,54
59,3,54
59,4,58
59,5,58
59,6,58
59,7,58
59,6,60
59,7,60
59,2,61
59,3,61
59,2,65
59,3,65
59,4,65
59,5,65
59,6,65
59,7,65
59,2,72
59,3,72
59,4,72
59,5,72
59,6,72
59,7,72
59,2,79
59,3,79
59,4,79
59,5,79
59,6,79
59,7,79
59,2,86
59,3,86
59,4,86
59,5,86
59,6,86
59,7,86
59,0,87
59,1,87
59,2,87
59,3,87
59,4,87
59,5,87
59,0,93
59,1,93
59,2,93
59,3,93
59,4,93
59,5,93
59,6,93
59,7,93
59,0,94
59,1,94
59,2,94
59,3,94
59,4,94
59,5,94
59,6,94
59,7,94
59,0,95
59,1,95
59,0,100
59,1,100
59,2,100
59,3,100
59,4,100
59,5,100
59,6,100
59,7,100
59,0,101
59,1,101
59,2,101
59,3,101
59,6,101
59,7,101
59,0,102
59,1,102
59,2,102
59,3,102
59,0,107
59,1,107
59,2,107
59,3,107
59,4,107
59,5,107
59,6,107
59,7,107
59,0,108
59,1,108
59,2,109
59,3,109
59,4,109
59,5,109
59,0,114
59,1,114
59,2,114
59,3,114
59,4,114
59,5,114
59,6,114
59,7,114
59,2,116
59,3,116
59,4,116
59,5,116
59,0,121
59,1,121
59,2,121
59,3,121
59,4,121
59,5,121
59,4,123
59,5,123
59,6,123
59,7,123
59,2,130
59,3,130
59,4,130
59,5,130
59,4,135
59,5,135
59,2,137
59,3,137
59,4,137
59,5,137
59,6,137
59,7,137
59,4,142
59,5,142
59,6,142
59,7,142
59,0,143
59,1,143
59,2,144
59,3,144
59,4,144
59,5,144
59,6,144
59,7,144
59,6,149
59,7,149
59,2,150
59,3,150
59,2,151
59,3,151
59,4,151
59,5,151
59,6,151
59,7,151
59,0,157
59,1,157
59,2,157
59,3,157
59,0,158
59,1,158
59,2,158
59,3,158
59,4,158
59,5,158
59,6,158
59,7,158
59,2,164
59,3,164
59,4,164
59,5,164
59,6,164
59,7,164
59,2,165
59,3,165
60,6,30
60,7,30
60,0,31
60,1,31
60,4,37
60,5,37
60,6,37
60,7,37
60,0,38
60,1,38
60,2,38
60,3,38
60,4,38
60,5,38
60,6,38
60,7,38
60,0,39
60,1,39
60,2,39
60,3,39
60,4,39
60,5,39
60,2,46
60,3,46
60,4,46
60,5,46
60,6,46
60,7,46
60,0,47
60,1,47
60,6,53
60,7,53
60,0,54
60,1,54
60,2,54
60,3,54
60,4,58
60,5,58
60,6,58
60,7,58
60,6,60
60,7,60
60,0,61
60,1,61
60,2,61
60,3,61
60,2,65
60,3,65
60,4,65
60,5,65
60,6,65
60,7,65
60,0,66
60,1,66
60,2,72
60,3,72
60,4,72
60,5,72
60,6,72
60,7,72
60,2,79
60,3,79
60,4,79
60,5,79
60,6,79
60,7,79
60,2,86
60,3,86
60,4,86
60,5,86
60,0,87
60,1,87
60,2,87
60,3,87
60,4,87
60,5,87
60,6,87
60,7,87
60,2,93
60,3,93
60,4,93
60,5,93
60,6,93
60,7,93
60,0,94
60,1,94
60,2,94
60,3,94
60,4,94
60,5,94
60,6,94
60,7,94
60,0,95
60,1,95
60,2,100
60,3,100
60,4,100
60,5,100
60,6,100
60,7,100
60,0,101
60,1,101
60,2,101
60,3,101
60,0,102
60,1,102
60,2,102
60,3,102
60,4,102
60,5,102
60,0,107
60,1,107
60,2,107
60,3,107
60,4,107
60,5,107
60,6,107
60,7,107
60,0,108
60,1,108
60,2,108
60,3,108
60,2,109
60,3,109
60,4,109
60,5,109
60,0,114
60,1,114
60,2,114
60,3,114
60,4,114
60,5,114
60,6,114
60,7,114
60,2,116
60,3,116
60,4,116
60,5,116
60,0,121
60,1,121
60,2,121
60,3,121
60,4,121
60,5,121
60,2,123
60,3,123
60,4,123
60,5,123
60,2,130
60,3,130
60,4,130
60,5,130
60,6,130
60,7,130
60,4,135
60,5,135
60,4,137
60,5,137
60,6,137
60,7,137
60,4,142
60,5,142
60,2,144
60,3,144
60,4,144
60,5,144
60,6,144
60,7,144
60,6,149
60,7,149
60,0,150
60,1,150
60,2,151
60,3,151
60,4,151
60,5,151
60,0,157
60,1,157
60,2,157
60,3,157
60,6,157
60,7,157
60,0,158
60,1,158
60,2,158
60,3,158
60,4,158
60,5,158
60,2,164
60,3,164
60,4,164
60,5,164
60,6,164
60,7,164
60,0,165
60,1,165
60,2,165
60,3,165
61,6,30
61,7,30
61,0,31
61,1,31
61,2,31
61,3,31
61,4,31
61,5,31
61,6,31
61,7,31
61,4,37
61,5,37
61,6,37
61,7,37
61,0,38
61,1,38
61,2,38
61,3,38
61,4,38
61,5,38
61,6,38
61,7,38
61,0,39
61,1,39
61,4,39
61,5,39
61,6,39
61,7,39
61,4,44
61,5,44
61,6,45
61,7,45
61,2,46
61,3,46
61,4,46
61,5,46
61,2,53
61,3,53
61,4,53
61,5,53
61,6,53
61,7,53
61,0,54
61,1,54
61,2,54
61,3,54
61,2,58
61,3,58
61,4,58
61,5,58
61,2,61
61,3,61
61,4,61
61,5,61
61,2,65
61,3,65
61,4,65
61,5,65
61,6,65
61,7,65
61,4,72
61,5,72
61,6,72
61,7,72
61,2,79
61,3,79
61,4,79
61,5,79
61,6,79
61,7,79
61,0,86
61,1,86
61,2,86
61,3,86
61,4,86
61,5,86
61,6,86
61,7,86
61,2,87
61,3,87
61,4,87
61,5,87
61,0,93
61,1,93
61,2,93
61,3,93
61,4,93
61,5,93
61,6,93
61,7,93
61,0,94
61,1,94
61,2,94
61,3,94
61,4,94
61,5,94
61,6,94
61,7,94
61,0,95
61,1,95
61,0,100
61,1,100
61,2,100
61,3,100
61,4,100
61,5,100
61,6,100
61,7,100
61,0,101
61,1,101
61,2,101
61,3,101
61,0,102
61,1,102
61,2,102
61,3,102
61,4,102
61,5,102
61,0,107
61,1,107
61,2,107
61,3,107
61,4,107
61,5,107
61,6,107
61,7,107
61,0,108
61,1,108
61,2,108
61,3,108
61,2,109
61,3,109
61,4,109
61,5,109
61,0,114
61,1,114
61,2,114
61,3,114
61,4,114
61,5,114
61,6,114
61,7,114
61,2,116
61,3,116
61,4,116
61,5,116
61,6,116
61,7,116
61,2,121
61,3,121
61,4,121
61,5,121
61,2,123
61,3,123
61,4,123
61,5,123
61,6,123
61,7,123
61,2,130
61,3,130
61,4,130
61,5,130
61,4,135
61,5,135
61,2,137
61,3,137
61,4,137
61,5,137
61,6,137
61,7,137
61,6,142
61,7,142
61,2,144
61,3,144
61,4,144
61,5,144
61,6,144
61,7,144
61,6,149
61,7,149
61,0,150
61,1,150
61,2,151
61,3,151
61,4,151
61,5,151
61,0,157
61,1,157
61,2,157
61,3,157
61,4,157
61,5,157
61,0,158
61,1,158
61,2,158
61,3,158
61,4,158
61,5,158
61,0,164
61,1,164
61,2,164
61,3,164
61,4,164
61,5,164
61,6,164
61,7,164
61,0,165
61,1,165
61,2,165
61,3,165
61,4,165
61,5,165
62,4,30
62,5,30
62,6,30
62,7,30
62,4,31
62,5,31
62,4,37
62,5,37
62,6,37
62,7,37
62,0,38
62,1,38
62,2,38
62,3,38
62,4,38
62,5,38
62,6,38
62,7,38
62,0,39
62,1,39
62,4,39
62,5,39
62,2,46
62,3,46
62,4,46
62,5,46
62,6,46
62,7,46
62,0,47
62,1,47
62,4,53
62,5,53
62,6,53
62,7,53
62,0,54
62,1,54
62,2,54
62,3,54
62,4,58
62,5,58
62,2,61
62,3,61
62,2,65
62,3,65
62,4,65
62,5,65
62,6,65
62,7,65
62,0,66
62,1,66
62,2,72
62,3,72
62,4,72
62,5,72
62,6,72
62,7,72
62,2,79
62,3,79
62,4,79
62,5,79
62,2,86
62,3,86
62,4,86
62,5,86
62,6,86
62,7,86
62,4,87
62,5,87
62,6,87
62,7,87
62,2,93
62,3,93
62,4,93
62,5,93
62,6,93
62,7,93
62,0,94
62,1,94
62,2,94
62,3,94
62,4,94
62,5,94
62,6,94
62,7,94
62,0,95
62,1,95
62,2,100
62,3,100
62,4,100
62,5,100
62,6,100
62,7,100
62,0,101
62,1,101
62,2,101
62,3,101
62,0,102
62,1,102
62,2,102
62,3,102
62,4,102
62,5,102
62,0,107
62,1,107
62,2,107
62,3,107
62,4,107
62,5,107
62,6,107
62,7,107
62,2,108
62,3,108
62,0,109
62,1,109
62,2,109
62,3,109
62,4,109
62,5,109
62,6,109
62,7,109
62,0,114
62,1,114
62,2,114
62,3,114
62,4,114
62,5,114
62,0,115
62,1,115
62,2,116
62,3,116
62,4,116
62,5,116
62,6,116
62,7,116
62,0,121
62,1,121
62,2,121
62,3,121
62,4,121
62,5,121
62,2,123
62,3,123
62,4,123
62,5,123
62,2,130
62,3,130
62,4,130
62,5,130
62,6,130
62,7,130
62,4,137
62,5,137
62,6,137
62,7,137
62,6,142
62,7,142
62,2,144
62,3,144
62,4,144
62,5,144
62,0,150
62,1,150
62,0,151
62,1,151
62,2,151
62,3,151
62,4,151
62,5,151
62,0,157
62,1,157
62,2,157
62,3,157
62,6,157
62,7,157
62,2,158
62,3,158
62,4,158
62,5,158
62,2,164
62,3,164
62,4,164
62,5,164
62,6,164
62,7,164
62,0,165
62,1,165
62,2,165
62,3,165
62,4,165
62,5,165
63,2,31
63,3,31
63,4,31
63,5,31
63,6,31
63,7,31
63,6,37
63,7,37
63,0,38
63,1,38
63,2,38
63,3,38
63,4,38
63,5,38
63,6,38
63,7,38
63,0,39
63,1,39
63,2,39
63,3,39
63,4,39
63,5,39
63,6,44
63,7,44
63,2,46
63,3,46
63,4,46
63,5,46
63,6,46
63,7,46
63,0,47
63,1,47
63,4,51
63,5,51
63,4,53
63,5,53
63,6,53
63,7,53
63,0,54
63,1,54
63,2,54
63,3,54
63,4,58
63,5,58
63,6,58
63,7,58
63,2,61
63,3,61
63,4,65
63,5,65
63,6,65
63,7,65
63,2,72
63,3,72
63,4,72
63,5,72
63,6,72
63,7,72
63,0,79
63,1,79
63,2,79
63,3,79
63,4,79
63,5,79
63,6,79
63,7,79
63,2,86
63,3,86
63,4,86
63,5,86
63,6,86
63,7,86
63,0,87
63,1,87
63,2,87
63,3,87
63,4,87
63,5,87
63,0,93
63,1,93
63,2,93
63,3,93
63,4,93
63,5,93
63,6,93
63,7,93
63,0,94
63,1,94
63,2,94
63,3,94
63,4,94
63,5,94
63,6,94
63,7,94
63,0,95
63,1,95
63,2,100
63,3,100
63,4,100
63,5,100
63,6,100
63,7,100
63,0,101
63,1,101
63,2,101
63,3,101
63,6,101
63,7,101
63,0,102
63,1,102
63,2,102
63,3,102
63,4,102
63,5,102
63,0,107
63,1,107
63,2,107
63,3,107
63,4,107
63,5,107
63,6,107
63,7,107
63,2,109
63,3,109
63,4,109
63,5,109
63,0,114
63,1,114
63,2,114
63,3,114
63,4,114
63,5,114
63,6,114
63,7,114
63,0,116
63,1,116
63,2,116
63,3,116
63,4,116
63,5,116
63,2,121
63,3,121
63,4,121
63,5,121
63,2,123
63,3,123
63,4,123
63,5,123
63,2,130
63,3,130
63,4,130
63,5,130
63,6,130
63,7,130
63,4,135
63,5,135
63,4,137
63,5,137
63,6,137
63,7,137
63,6,142
63,7,142
63,2,144
63,3,144
63,4,144
63,5,144
63,6,144
63,7,144
63,6,149
63,7,149
63,0,150
63,1,150
63,2,150
63,3,150
63,2,151
63,3,151
63,4,151
63,5,151
63,6,151
63,7,151
63,0,157
63,1,157
63,2,157
63,3,157
63,0,158
63,1,158
63,2,158
63,3,158
63,4,158
63,5,158
63,6,158
63,7,158
63,2,164
63,3,164
63,4,164
63,5,164
63,6,164
63,7,164
63,0,165
63,1,165
63,2,165
63,3,165
63,4,165
63,5,165
64,6,30
64,7,30
64,0,31
64,1,31
64,2,31
64,3,31
64,6,31
64,7,31
64,4,37
64,5,37
64,6,37
64,7,37
64,0,38
64,1,38
64,2,38
64,3,38
64,4,38
64,5,38
64,6,38
64,7,38
64,0,39
64,1,39
64,2,39
64,3,39
64,4,44
64,5,44
64,4,45
64,5,45
64,0,46
64,1,46
64,2,46
64,3,46
64,4,46
64,5,46
64,4,53
64,5,53
64,6,53
64,7,53
64,0,54
64,1,54
64,2,54
64,3,54
64,2,58
64,3,58
64,4,58
64,5,58
64,6,58
64,7,58
64,0,61
64,1,61
64,2,61
64,3,61
64,4,65
64,5,65
64,6,65
64,7,65
64,4,72
64,5,72
64,2,79
64,3,79
64,4,79
64,5,79
64,2,86
64,3,86
64,4,86
64,5,86
64,6,86
64,7,86
64,0,87
64,1,87
64,2,87
64,3,87
64,4,87
64,5,87
64,6,87
64,7,87
64,0,93
64,1,93
64,2,93
64,3,93
64,4,93
64,5,93
64,6,93
64,7,93
64,0,94
64,1,94
64,2,94
64,3,94
64,4,94
64,5,94
64,6,94
64,7,94
64,0,95
64,1,95
64,0,100
64,1,100
64,2,100
64,3,100
64,4,100
64,5,100
64,6,100
64,7,100
64,0,101
64,1,101
64,2,101
64,3,101
64,4,101
64,5,101
64,0,102
64,1,102
64,2,102
64,3,102
64,6,106
64,7,106
64,0,107
64,1,107
64,2,107
64,3,107
64,4,107
64,5,107
64,6,107
64,7,107
64,0,108
64,1,108
64,2,109
64,3,109
64,4,109
64,5,109
64,0,114
64,1,114
64,2,114
64,3,114
64,4,114
64,5,114
64,6,114
64,7,114
64,2,116
64,3,116
64,4,116
64,5,116
64,2,121
64,3,121
64,4,121
64,5,121
64,4,123
64,5,123
64,2,130
64,3,130
64,4,130
64,5,130
64,6,130
64,7,130
64,4,135
64,5,135
64,2,137
64,3,137
64,4,137
64,5,137
64,6,142
64,7,142
64,2,144
64,3,144
64,4,144
64,5,144
64,6,149
64,7,149
64,0,150
64,1,150
64,2,151
64,3,151
64,4,151
64,5,151
64,6,151
64,7,151
64,0,157
64,1,157
64,2,157
64,3,157
64,4,157
64,5,157
64,0,158
64,1,158
64,2,158
64,3,158
64,4,158
64,5,158
64,6,158
64,7,158
64,2,164
64,3,164
64,4,164
64,5,164
64,6,164
64,7,164
64,0,165
64,1,165
64,2,165
64,3,165
65,6,30
65,7,30
65,0,31
65,1,31
65,2,31
65,3,31
65,4,31
65,5,31
65,6,31
65,7,31
65,4,37
65,5,37
65,6,37
65,7,37
65,0,38
65,1,38
65,2,38
65,3,38
65,4,38
65,5,38
65,6,38
65,7,38
65,0,39
65,1,39
65,2,39
65,3,39
65,6,44
65,7,44
65,0,46
65,1,46
65,4,46
65,5,46
65,0,47
65,1,47
65,4,51
65,5,51
65,6,53
65,7,53
65,0,54
65,1,54
65,2,54
65,3,54
65,4,58
65,5,58
65,6,58
65,7,58
65,2,61
65,3,61
65,2,65
65,3,65
65,4,65
65,5,65
65,6,65
65,7,65
65,2,72
65,3,72
65,4,72
65,5,72
65,6,72
65,7,72
65,2,79
65,3,79
65,4,79
65,5,79
65,6,79
65,7,79
65,0,86
65,1,86
65,2,86
65,3,86
65,4,86
65,5,86
65,2,87
65,3,87
65,6,87
65,7,87
65,0,93
65,1,93
65,2,93
65,3,93
65,4,93
65,5,93
65,6,93
65,7,93
65,0,94
65,1,94
65,2,94
65,3,94
65,4,94
65,5,94
65,6,94
65,7,94
65,0,95
65,1,95
65,0,100
65,1,100
65,2,100
65,3,100
65,4,100
65,5,100
65,6,100
65,7,100
65,0,101
65,1,101
65,2,101
65,3,101
65,6,101
65,7,101
65,0,102
65,1,102
65,2,102
65,3,102
65,0,107
65,1,107
65,2,107
65,3,107
65,4,107
65,5,107
65,6,107
65,7,107
65,0,108
65,1,108
65,2,109
65,3,109
65,4,109
65,5,109
65,2,114
65,3,114
65,4,114
65,5,114
65,2,116
65,3,116
65,4,116
65,5,116
65,6,116
65,7,116
65,2,121
65,3,121
65,4,121
65,5,121
65,2,123
65,3,123
65,4,123
65,5,123
65,2,130
65,3,130
65,4,130
65,5,130
65,2,137
65,3,137
65,4,137
65,5,137
65,6,137
65,7,137
65,4,142
65,5,142
65,6,142
65,7,142
65,2,144
65,3,144
65,4,144
65,5,144
65,0,150
65,1,150
65,2,150
65,3,150
65,2,151
65,3,151
65,4,151
65,5,151
65,6,151
65,7,151
65,0,157
65,1,157
65,2,157
65,3,157
65,4,157
65,5,157
65,6,157
65,7,157
65,0,158
65,1,158
65,2,158
65,3,158
65,4,158
65,5,158
65,6,158
65,7,158
65,2,164
65,3,164
65,4,164
65,5,164
65,6,164
65,7,164
65,0,165
65,1,165
65,2,165
65,3,165
66,6,30
66,7,30
66,0,31
66,1,31
66,2,31
66,3,31
66,4,31
66,5,31
66,6,31
66,7,31
66,4,37
66,5,37
66,6,37
66,7,37
66,2,38
66,3,38
66,4,38
66,5,38
66,6,38
66,7,38
66,0,39
66,1,39
66,2,39
66,3,39
66,4,39
66,5,39
66,4,44
66,5,44
66,4,45
66,5,45
66,6,45
66,7,45
66,0,46
66,1,46
66,2,46
66,3,46
66,4,46
66,5,46
66,6,46
66,7,46
66,0,47
66,1,47
66,2,53
66,3,53
66,4,53
66,5,53
66,6,53
66,7,53
66,0,54
66,1,54
66,2,54
66,3,54
66,4,58
66,5,58
66,6,58
66,7,58
66,2,61
66,3,61
66,4,65
66,5,65
66,6,65
66,7,65
66,2,72
66,3,72
66,4,72
66,5,72
66,2,79
66,3,79
66,4,79
66,5,79
66,0,86
66,1,86
66,2,86
66,3,86
66,4,86
66,5,86
66,6,86
66,7,86
66,0,87
66,1,87
66,2,87
66,3,87
66,4,87
66,5,87
66,6,87
66,7,87
66,0,93
66,1,93
66,2,93
66,3,93
66,4,93
66,5,93
66,6,93
66,7,93
66,0,94
66,1,94
66,2,94
66,3,94
66,6,94
66,7,94
66,0,95
66,1,95
66,0,100
66,1,100
66,2,100
66,3,100
66,4,100
66,5,100
66,6,100
66,7,100
66,0,101
66,1,101
66,2,101
66,3,101
66,4,101
66,5,101
66,6,101
66,7,101
66,0,102
66,1,102
66,2,102
66,3,102
66,4,102
66,5,102
66,0,107
66,1,107
66,2,107
66,3,107
66,4,107
66,5,107
66,6,107
66,7,107
66,0,108
66,1,108
66,2,108
66,3,108
66,2,109
66,3,109
66,4,109
66,5,109
66,0,114
66,1,114
66,2,114
66,3,114
66,4,114
66,5,114
66,6,114
66,7,114
66,2,116
66,3,116
66,4,116
66,5,116
66,2,121
66,3,121
66,4,121
66,5,121
66,2,123
66,3,123
66,4,123
66,5,123
66,6,123
66,7,123
66,2,130
66,3,130
66,4,130
66,5,130
66,6,130
66,7,130
66,4,135
66,5,135
66,2,137
66,3,137
66,4,137
66,5,137
66,6,142
66,7,142
66,2,144
66,3,144
66,4,144
66,5,144
66,0,151
66,1,151
66,2,151
66,3,151
66,4,151
66,5,151
66,6,151
66,7,151
66,6,156
66,7,156
66,2,157
66,3,157
66,6,157
66,7,157
66,0,158
66,1,158
66,2,158
66,3,158
66,4,158
66,5,158
66,2,164
66,3,164
66,4,164
66,5,164
66,6,164
66,7,164
66,0,165
66,1,165
66,2,165
66,3,165
66,4,165
66,5,165
67,0,31
67,1,31
67,2,31
67,3,31
67,4,31
67,5,31
67,4,37
67,5,37
67,6,37
67,7,37
67,0,38
67,1,38
67,2,38
67,3,38
67,4,38
67,5,38
67,6,38
67,7,38
67,0,39
67,1,39
67,2,39
67,3,39
67,4,39
67,5,39
67,6,39
67,7,39
67,0,46
67,1,46
67,4,46
67,5,46
67,0,47
67,1,47
67,4,53
67,5,53
67,6,53
67,7,53
67,0,54
67,1,54
67,4,58
67,5,58
67,6,58
67,7,58
67,6,60
67,7,60
67,2,61
67,3,61
67,2,65
67,3,65
67,4,65
67,5,65
67,6,65
67,7,65
67,2,72
67,3,72
67,4,72
67,5,72
67,6,72
67,7,72
67,2,79
67,3,79
67,4,79
67,5,79
67,6,79
67,7,79
67,2,86
67,3,86
67,4,86
67,5,86
67,0,87
67,1,87
67,2,87
67,3,87
67,4,87
67,5,87
67,6,87
67,7,87
67,2,93
67,3,93
67,4,93
67,5,93
67,6,93
67,7,93
67,0,94
67,1,94
67,2,94
67,3,94
67,4,94
67,5,94
67,6,94
67,7,94
67,0,95
67,1,95
67,2,100
67,3,100
67,4,100
67,5,100
67,6,100
67,7,100
67,0,101
67,1,101
67,2,101
67,3,101
67,4,101
67,5,101
67,6,101
67,7,101
67,0,102
67,1,102
67,2,102
67,3,102
67,4,102
67,5,102
67,0,107
67,1,107
67,2,107
67,3,107
67,4,107
67,5,107
67,6,107
67,7,107
67,0,108
67,1,108
67,2,108
67,3,108
67,0,109
67,1,109
67,2,109
67,3,109
67,0,114
67,1,114
67,2,114
67,3,114
67,4,114
67,5,114
67,0,116
67,1,116
67,2,116
67,3,116
67,4,116
67,5,116
67,2,121
67,3,121
67,4,121
67,5,121
67,6,121
67,7,121
67,2,123
67,3,123
67,4,123
67,5,123
67,6,123
67,7,123
67,4,130
67,5,130
67,6,130
67,7,130
67,2,137
67,3,137
67,4,137
67,5,137
67,6,137
67,7,137
67,6,142
67,7,142
67,0,143
67,1,143
67,4,144
67,5,144
67,6,144
67,7,144
67,0,150
67,1,150
67,0,151
67,1,151
67,2,151
67,3,151
67,4,151
67,5,151
67,6,151
67,7,151
67,6,156
67,7,156
67,0,157
67,1,157
67,2,157
67,3,157
67,4,157
67,5,157
67,6,157
67,7,157
67,0,158
67,1,158
67,2,158
67,3,158
67,4,158
67,5,158
67,2,164
67,3,164
67,4,164
67,5,164
67,6,164
67,7,164
67,0,165
67,1,165
67,2,165
67,3,165
67,4,165
67,5,165
68,0,31
68,1,31
68,2,31
68,3,31
68,4,31
68,5,31
68,6,31
68,7,31
68,0,32
68,1,32
68,4,37
68,5,37
68,6,37
68,7,37
68,0,38
68,1,38
68,2,38
68,3,38
68,4,38
68,5,38
68,6,38
68,7,38
68,0,39
68,1,39
68,4,39
68,5,39
68,6,39
68,7,39
68,2,46
68,3,46
68,4,46
68,5,46
68,0,47
68,1,47
68,4,51
68,5,51
68,6,53
68,7,53
68,0,54
68,1,54
68,2,54
68,3,54
68,4,58
68,5,58
68,6,58
68,7,58
68,0,59
68,1,59
68,0,61
68,1,61
68,2,61
68,3,61
68,2,65
68,3,65
68,4,65
68,5,65
68,6,65
68,7,65
68,4,72
68,5,72
68,2,79
68,3,79
68,4,79
68,5,79
68,6,79
68,7,79
68,2,86
68,3,86
68,4,86
68,5,86
68,6,86
68,7,86
68,2,87
68,3,87
68,4,87
68,5,87
68,6,87
68,7,87
68,0,93
68,1,93
68,2,93
68,3,93
68,4,93
68,5,93
68,6,93
68,7,93
68,0,94
68,1,94
68,2,94
68,3,94
68,4,94
68,5,94
68,6,94
68,7,94
68,0,95
68,1,95
68,2,100
68,3,100
68,4,100
68,5,100
68,6,100
68,7,100
68,0,101
68,1,101
68,2,101
68,3,101
68,6,101
68,7,101
68,0,102
68,1,102
68,2,102
68,3,102
68,0,107
68,1,107
68,2,107
68,3,107
68,4,107
68,5,107
68,6,107
68,7,107
68,0,108
68,1,108
68,0,109
68,1,109
68,2,109
68,3,109
68,0,114
68,1,114
68,2,114
68,3,114
68,4,114
68,5,114
68,6,114
68,7,114
68,2,116
68,3,116
68,4,116
68,5,116
68,0,121
68,1,121
68,2,121
68,3,121
68,2,123
68,3,123
68,4,123
68,5,123
68,6,123
68,7,123
68,2,130
68,3,130
68,4,130
68,5,130
68,6,130
68,7,130
68,4,135
68,5,135
68,2,137
68,3,137
68,4,137
68,5,137
68,6,137
68,7,137
68,6,142
68,7,142
68,2,144
68,3,144
68,4,144
68,5,144
68,6,144
68,7,144
68,0,150
68,1,150
68,2,150
68,3,150
68,2,151
68,3,151
68,4,151
68,5,151
68,0,157
68,1,157
68,2,157
68,3,157
68,6,157
68,7,157
68,0,158
68,1,158
68,2,158
68,3,158
68,4,158
68,5,158
68,6,158
68,7,158
68,4,164
68,5,164
68,6,164
68,7,164
68,0,165
68,1,165
68,2,165
68,3,165
69,0,31
69,1,31
69,2,31
69,3,31
69,4,31
69,5,31
69,6,31
69,7,31
69,6,37
69,7,37
69,2,38
69,3,38
69,4,38
69,5,38
69,6,38
69,7,38
69,0,39
69,1,39
69,6,39
69,7,39
69,4,44
69,5,44
69,4,46
69,5,46
69,2,53
69,3,53
69,4,53
69,5,53
69,6,53
69,7,53
69,0,54
69,1,54
69,2,54
69,3,54
69,4,58
69,5,58
69,6,58
69,7,58
69,0,61
69,1,61
69,2,61
69,3,61
69,4,61
69,5,61
69,4,65
69,5,65
69,6,65
69,7,65
69,0,66
69,1,66
69,2,72
69,3,72
69,4,72
69,5,72
69,6,72
69,7,72
69,2,79
69,3,79
69,4,79
69,5,79
69,6,79
69,7,79
69,0,86
69,1,86
69,2,86
69,3,86
69,4,86
69,5,86
69,6,86
69,7,86
69,0,87
69,1,87
69,4,87
69,5,87
69,0,93
69,1,93
69,2,93
69,3,93
69,4,93
69,5,93
69,6,93
69,7,93
69,0,94
69,1,94
69,2,94
69,3,94
69,4,94
69,5,94
69,6,94
69,7,94
69,0,95
69,1,95
69,2,95
69,3,95
69,2,100
69,3,100
69,4,100
69,5,100
69,6,100
69,7,100
69,0,101
69,1,101
69,2,101
69,3,101
69,4,101
69,5,101
69,0,102
69,1,102
69,2,102
69,3,102
69,0,107
69,1,107
69,2,107
69,3,107
69,4,107
69,5,107
69,6,107
69,7,107
69,0,108
69,1,108
69,2,109
69,3,109
69,4,109
69,5,109
69,0,114
69,1,114
69,2,114
69,3,114
69,4,114
69,5,114
69,6,114
69,7,114
69,2,116
69,3,116
69,4,116
69,5,116
69,0,121
69,1,121
69,2,121
69,3,121
69,4,121
69,5,121
69,2,123
69,3,123
69,4,123
69,5,123
69,2,130
69,3,130
69,4,130
69,5,130
69,6,130
69,7,130
69,2,137
69,3,137
69,4,137
69,5,137
69,6,137
69,7,137
69,4,142
69,5,142
69,6,142
69,7,142
69,2,144
69,3,144
69,4,144
69,5,144
69,6,144
69,7,144
69,0,150
69,1,150
69,0,151
69,1,151
69,2,151
69,3,151
69,4,151
69,5,151
69,6,151
69,7,151
69,0,157
69,1,157
69,2,157
69,3,157
69,4,157
69,5,157
69,6,157
69,7,157
69,0,158
69,1,158
69,2,158
69,3,158
69,4,158
69,5,158
69,6,158
69,7,158
69,2,164
69,3,164
69,4,164
69,5,164
69,6,164
69,7,164
69,0,165
69,1,165
69,2,165
69,3,165
69,4,165
69,5,165
70,6,30
70,7,30
70,2,31
70,3,31
70,4,31
70,5,31
70,6,31
70,7,31
70,0,32
70,1,32
70,4,37
70,5,37
70,6,37
70,7,37
70,0,38
70,1,38
70,2,38
70,3,38
70,4,38
70,5,38
70,6,38
70,7,38
70,0,39
70,1,39
70,2,39
70,3,39
70,4,39
70,5,39
70,2,46
70,3,46
70,4,46
70,5,46
70,6,51
70,7,51
70,6,53
70,7,53
70,0,54
70,1,54
70,2,54
70,3,54
70,2,58
70,3,58
70,4,58
70,5,58
70,6,58
70,7,58
70,2,61
70,3,61
70,2,65
70,3,65
70,4,65
70,5,65
70,6,65
70,7,65
70,4,72
70,5,72
70,6,72
70,7,72
70,0,79
70,1,79
70,2,79
70,3,79
70,4,79
70,5,79
70,0,86
70,1,86
70,2,86
70,3,86
70,4,86
70,5,86
70,6,86
70,7,86
70,0,87
70,1,87
70,2,87
70,3,87
70,4,87
70,5,87
70,6,87
70,7,87
70,2,93
70,3,93
70,4,93
70,5,93
70,6,93
70,7,93
70,0,94
70,1,94
70,2,94
70,3,94
70,4,94
70,5,94
70,6,94
70,7,94
70,0,95
70,1,95
70,0,100
70,1,100
70,2,100
70,3,100
70,4,100
70,5,100
70,6,100
70,7,100
70,0,101
70,1,101
70,2,101
70,3,101
70,6,101
70,7,101
70,0,102
70,1,102
70,2,102
70,3,102
70,0,107
70,1,107
70,2,107
70,3,107
70,4,107
70,5,107
70,6,107
70,7,107
70,0,108
70,1,108
70,2,109
70,3,109
70,4,109
70,5,109
70,0,114
70,1,114
70,2,114
70,3,114
70,4,114
70,5,114
70,6,114
70,7,114
70,2,116
70,3,116
70,4,116
70,5,116
70,2,121
70,3,121
70,4,121
70,5,121
70,2,123
70,3,123
70,4,123
70,5,123
70,6,123
70,7,123
70,2,130
70,3,130
70,4,130
70,5,130
70,4,135
70,5,135
70,2,137
70,3,137
70,4,137
70,5,137
70,6,137
70,7,137
70,2,144
70,3,144
70,4,144
70,5,144
70,6,144
70,7,144
70,0,150
70,1,150
70,0,151
70,1,151
70,2,151
70,3,151
70,4,151
70,5,151
70,6,151
70,7,151
70,2,157
70,3,157
70,4,157
70,5,157
70,0,158
70,1,158
70,2,158
70,3,158
70,4,158
70,5,158
70,2,164
70,3,164
70,4,164
70,5,164
70,6,164
70,7,164
70,2,165
70,3,165
71,6,30
71,7,30
71,0,31
71,1,31
71,2,31
71,3,31
71,4,31
71,5,31
71,6,31
71,7,31
71,4,37
71,5,37
71,6,37
71,7,37
71,2,38
71,3,38
71,4,38
71,5,38
71,6,38
71,7,38
71,0,39
71,1,39
71,2,39
71,3,39
71,4,39
71,5,39
71,6,39
71,7,39
71,6,45
71,7,45
71,0,46
71,1,46
71,2,46
71,3,46
71,4,46
71,5,46
71,6,46
71,7,46
71,6,51
71,7,51
71,6,53
71,7,53
71,0,54
71,1,54
71,2,58
71,3,58
71,4,58
71,5,58
71,0,61
71,1,61
71,2,61
71,3,61
71,2,65
71,3,65
71,4,65
71,5,65
71,6,65
71,7,65
71,0,66
71,1,66
71,2,72
71,3,72
71,4,72
71,5,72
71,0,79
71,1,79
71,2,79
71,3,79
71,4,79
71,5,79
71,2,86
71,3,86
71,4,86
71,5,86
71,6,86
71,7,86
71,0,87
71,1,87
71,2,87
71,3,87
71,4,87
71,5,87
71,6,87
71,7,87
71,2,93
71,3,93
71,4,93
71,5,93
71,6,93
71,7,93
71,0,94
71,1,94
71,2,94
71,3,94
71,4,94
71,5,94
71,6,94
71,7,94
71,0,95
71,1,95
71,0,100
71,1,100
71,2,100
71,3,100
71,4,100
71,5,100
71,6,100
71,7,100
71,0,101
71,1,101
71,2,101
71,3,101
71,0,102
71,1,102
71,2,102
71,3,102
71,0,107
71,1,107
71,2,107
71,3,107
71,4,107
71,5,107
71,6,107
71,7,107
71,0,108
71,1,108
71,2,108
71,3,108
71,6,108
71,7,108
71,2,109
71,3,109
71,4,109
71,5,109
71,0,114
71,1,114
71,2,114
71,3,114
71,4,114
71,5,114
71,6,114
71,7,114
71,2,116
71,3,116
71,4,116
71,5,116
71,6,116
71,7,116
71,2,121
71,3,121
71,4,121
71,5,121
71,2,123
71,3,123
71,4,123
71,5,123
71,4,128
71,5,128
71,2,130
71,3,130
71,4,130
71,5,130
71,6,130
71,7,130
71,2,137
71,3,137
71,4,137
71,5,137
71,6,137
71,7,137
71,6,142
71,7,142
71,2,144
71,3,144
71,4,144
71,5,144
71,6,144
71,7,144
71,0,150
71,1,150
71,0,151
71,1,151
71,4,151
71,5,151
71,6,151
71,7,151
71,0,157
71,1,157
71,2,157
71,3,157
71,4,157
71,5,157
71,6,157
71,7,157
71,2,158
71,3,158
71,4,158
71,5,158
71,6,158
71,7,158
71,2,164
71,3,164
71,4,164
71,5,164
71,6,164
71,7,164
71,0,165
71,1,165
71,2,165
71,3,165
71,4,165
71,5,165
72,0,31
72,1,31
72,2,31
72,3,31
72,0,32
72,1,32
72,4,37
72,5,37
72,6,37
72,7,37
72,2,38
72,3,38
72,4,38
72,5,38
72,6,38
72,7,38
72,0,39
72,1,39
72,2,39
72,3,39
72,6,39
72,7,39
72,0,46
72,1,46
72,2,46
72,3,46
72,4,46
72,5,46
72,2,51
72,3,51
72,4,51
72,5,51
72,2,53
72,3,53
72,6,53
72,7,53
72,0,54
72,1,54
72,2,54
72,3,54
72,2,58
72,3,58
72,4,58
72,5,58
72,6,58
72,7,58
72,2,61
72,3,61
72,4,61
72,5,61
72,4,65
72,5,65
72,6,65
72,7,65
72,2,72
72,3,72
72,4,72
72,5,72
72,2,79
72,3,79
72,4,79
72,5,79
72,2,86
72,3,86
72,4,86
72,5,86
72,6,86
72,7,86
72,2,87
72,3,87
72,4,87
72,5,87
72,6,87
72,7,87
72,2,93
72,3,93
72,4,93
72,5,93
72,6,93
72,7,93
72,0,94
72,1,94
72,2,94
72,3,94
72,4,94
72,5,94
72,6,94
72,7,94
72,0,95
72,1,95
72,2,100
72,3,100
72,4,100
72,5,100
72,6,100
72,7,100
72,0,101
72,1,101
72,2,101
72,3,101
72,6,101
72,7,101
72,0,102
72,1,102
72,2,102
72,3,102
72,0,107
72,1,107
72,2,107
72,3,107
72,4,107
72,5,107
72,6,107
72,7,107
72,0,108
72,1,108
72,0,109
72,1,109
72,2,109
72,3,109
72,4,109
72,5,109
72,0,114
72,1,114
72,2,114
72,3,114
72,4,114
72,5,114
72,2,116
72,3,116
72,4,116
72,5,116
72,4,121
72,5,121
72,4,123
72,5,123
72,6,123
72,7,123
72,2,130
72,3,130
72,4,130
72,5,130
72,6,130
72,7,130
72,4,135
72,5,135
72,2,137
72,3,137
72,4,137
72,5,137
72,6,137
72,7,137
72,2,144
72,3,144
72,4,144
72,5,144
72,6,144
72,7,144
72,0,150
72,1,150
72,0,151
72,1,151
72,4,151
72,5,151
72,0,157
72,1,157
72,2,157
72,3,157
72,4,157
72,5,157
72,6,157
72,7,157
72,0,158
72,1,158
72,2,158
72,3,158
72,4,158
72,5,158
72,2,164
72,3,164
72,4,164
72,5,164
72,6,164
72,7,164
72,0,165
72,1,165
72,2,165
72,3,165
72,4,165
72,5,165
73,4,30
73,5,30
73,2,31
73,3,31
73,6,31
73,7,31
73,6,37
73,7,37
73,2,38
73,3,38
73,4,38
73,5,38
73,6,38
73,7,38
73,0,39
73,1,39
73,2,39
73,3,39
73,4,44
73,5,44
73,6,44
73,7,44
73,4,45
73,5,45
73,2,46
73,3,46
73,4,46
73,5,46
73,6,46
73,7,46
73,0,47
73,1,47
73,4,53
73,5,53
73,6,53
73,7,53
73,0,54
73,1,54
73,2,54
73,3,54
73,4,58
73,5,58
73,6,58
73,7,58
73,2,61
73,3,61
73,2,65
73,3,65
73,4,65
73,5,65
73,6,65
73,7,65
73,0,66
73,1,66
73,2,72
73,3,72
73,4,72
73,5,72
73,6,72
73,7,72
73,2,79
73,3,79
73,4,79
73,5,79
73,6,79
73,7,79
73,2,86
73,3,86
73,4,86
73,5,86
73,6,86
73,7,86
73,0,87
73,1,87
73,2,87
73,3,87
73,4,87
73,5,87
73,0,93
73,1,93
73,2,93
73,3,93
73,4,93
73,5,93
73,6,93
73,7,93
73,0,94
73,1,94
73,2,94
73,3,94
73,4,94
73,5,94
73,6,94
73,7,94
73,0,95
73,1,95
73,0,100
73,1,100
73,2,100
73,3,100
73,4,100
73,5,100
73,6,100
73,7,100
73,0,101
73,1,101
73,2,101
73,3,101
73,4,101
73,5,101
73,0,102
73,1,102
73,2,102
73,3,102
73,4,102
73,5,102
73,0,107
73,1,107
73,2,107
73,3,107
73,4,107
73,5,107
73,6,107
73,7,107
73,0,108
73,1,108
73,0,109
73,1,109
73,2,109
73,3,109
73,4,109
73,5,109
73,0,114
73,1,114
73,2,114
73,3,114
73,4,114
73,5,114
73,6,114
73,7,114
73,2,116
73,3,116
73,4,116
73,5,116
73,2,121
73,3,121
73,2,123
73,3,123
73,4,123
73,5,123
73,6,123
73,7,123
73,2,130
73,3,130
73,4,130
73,5,130
73,2,137
73,3,137
73,4,137
73,5,137
73,6,137
73,7,137
73,6,142
73,7,142
73,2,144
73,3,144
73,4,144
73,5,144
73,6,144
73,7,144
73,6,149
73,7,149
73,0,150
73,1,150
73,2,151
73,3,151
73,4,151
73,5,151
73,0,157
73,1,157
73,2,157
73,3,157
73,4,157
73,5,157
73,2,158
73,3,158
73,4,158
73,5,158
73,2,164
73,3,164
73,4,164
73,5,164
73,6,164
73,7,164
73,0,165
73,1,165
73,2,165
73,3,165
73,4,165
73,5,165
74,6,30
74,7,30
74,2,31
74,3,31
74,0,32
74,1,32
74,4,37
74,5,37
74,6,37
74,7,37
74,0,38
74,1,38
74,2,38
74,3,38
74,4,38
74,5,38
74,6,38
74,7,38
74,0,39
74,1,39
74,2,39
74,3,39
74,4,39
74,5,39
74,6,39
74,7,39
74,6,44
74,7,44
74,6,45
74,7,45
74,0,46
74,1,46
74,4,46
74,5,46
74,6,46
74,7,46
74,4,51
74,5,51
74,6,51
74,7,51
74,4,53
74,5,53
74,6,53
74,7,53
74,0,54
74,1,54
74,2,54
74,3,54
74,4,58
74,5,58
74,6,58
74,7,58
74,6,60
74,7,60
74,2,61
74,3,61
74,4,65
74,5,65
74,6,65
74,7,65
74,4,72
74,5,72
74,6,72
74,7,72
74,2,79
74,3,79
74,4,79
74,5,79
74,6,79
74,7,79
74,2,86
74,3,86
74,4,86
74,5,86
74,2,87
74,3,87
74,4,87
74,5,87
74,2,93
74,3,93
74,4,93
74,5,93
74,6,93
74,7,93
74,0,94
74,1,94
74,2,94
74,3,94
74,4,94
74,5,94
74,6,94
74,7,94
74,0,95
74,1,95
74,2,95
74,3,95
74,0,100
74,1,100
74,2,100
74,3,100
74,4,100
74,5,100
74,6,100
74,7,100
74,0,101
74,1,101
74,2,101
74,3,101
74,4,101
74,5,101
74,6,101
74,7,101
74,0,102
74,1,102
74,2,102
74,3,102
74,0,107
74,1,107
74,2,107
74,3,107
74,4,107
74,5,107
74,6,107
74,7,107
74,0,108
74,1,108
74,0,109
74,1,109
74,2,109
74,3,109
74,4,109
74,5,109
74,6,109
74,7,109
74,0,114
74,1,114
74,2,114
74,3,114
74,4,114
74,5,114
74,6,114
74,7,114
74,2,116
74,3,116
74,4,116
74,5,116
74,2,121
74,3,121
74,4,121
74,5,121
74,2,123
74,3,123
74,4,123
74,5,123
74,2,130
74,3,130
74,4,130
74,5,130
74,6,130
74,7,130
74,2,137
74,3,137
74,4,137
74,5,137
74,4,142
74,5,142
74,2,144
74,3,144
74,4,144
74,5,144
74,6,149
74,7,149
74,0,150
74,1,150
74,0,151
74,1,151
74,2,151
74,3,151
74,4,151
74,5,151
74,0,157
74,1,157
74,2,157
74,3,157
74,0,158
74,1,158
74,2,158
74,3,158
74,4,158
74,5,158
74,6,158
74,7,158
74,4,164
74,5,164
74,6,164
74,7,164
74,0,165
74,1,165
74,2,165
74,3,165
75,0,31
75,1,31
75,2,31
75,3,31
75,4,31
75,5,31
75,6,31
75,7,31
75,0,32
75,1,32
75,4,37
75,5,37
75,6,37
75,7,37
75,0,38
75,1,38
75,2,38
75,3,38
75,4,38
75,5,38
75,6,38
75,7,38
75,0,39
75,1,39
75,4,39
75,5,39
75,4,44
75,5,44
75,0,46
75,1,46
75,4,46
75,5,46
75,6,46
75,7,46
75,2,51
75,3,51
75,4,51
75,5,51
75,6,51
75,7,51
75,4,53
75,5,53
75,0,54
75,1,54
75,2,54
75,3,54
75,4,58
75,5,58
75,6,58
75,7,58
75,2,61
75,3,61
75,4,61
75,5,61
75,2,65
75,3,65
75,4,65
75,5,65
75,6,65
75,7,65
75,2,72
75,3,72
75,4,72
75,5,72
75,6,72
75,7,72
75,2,79
75,3,79
75,4,79
75,5,79
75,6,79
75,7,79
75,0,86
75,1,86
75,2,86
75,3,86
75,4,86
75,5,86
75,6,86
75,7,86
75,2,87
75,3,87
75,4,87
75,5,87
75,6,87
75,7,87
75,2,93
75,3,93
75,4,93
75,5,93
75,6,93
75,7,93
75,0,94
75,1,94
75,2,94
75,3,94
75,4,94
75,5,94
75,6,94
75,7,94
75,0,95
75,1,95
75,0,100
75,1,100
75,2,100
75,3,100
75,4,100
75,5,100
75,6,100
75,7,100
75,0,101
75,1,101
75,2,101
75,3,101
75,4,101
75,5,101
75,6,101
75,7,101
75,0,102
75,1,102
75,2,102
75,3,102
75,4,102
75,5,102
75,0,107
75,1,107
75,2,107
75,3,107
75,4,107
75,5,107
75,6,107
75,7,107
75,0,108
75,1,108
75,0,109
75,1,109
75,2,109
75,3,109
75,4,109
75,5,109
75,2,114
75,3,114
75,4,114
75,5,114
75,0,115
75,1,115
75,2,116
75,3,116
75,4,116
75,5,116
75,0,121
75,1,121
75,2,121
75,3,121
75,4,121
75,5,121
75,2,123
75,3,123
75,4,123
75,5,123
75,6,123
75,7,123
75,2,130
75,3,130
75,4,130
75,5,130
75,6,130
75,7,130
75,2,137
75,3,137
75,4,137
75,5,137
75,4,142
75,5,142
75,2,144
75,3,144
75,4,144
75,5,144
75,6,144
75,7,144
75,6,149
75,7,149
75,2,150
75,3,150
75,2,151
75,3,151
75,4,151
75,5,151
75,0,157
75,1,157
75,2,157
75,3,157
75,4,157
75,5,157
75,6,157
75,7,157
75,0,158
75,1,158
75,2,158
75,3,158
75,4,158
75,5,158
75,0,164
75,1,164
75,2,164
75,3,164
75,4,164
75,5,164
75,6,164
75,7,164
75,0,165
75,1,165
75,2,165
75,3,165
76,6,30
76,7,30
76,0,31
76,1,31
76,2,31
76,3,31
76,4,37
76,5,37
76,6,37
76,7,37
76,0,38
76,1,38
76,2,38
76,3,38
76,4,38
76,5,38
76,6,38
76,7,38
76,0,39
76,1,39
76,2,45
76,3,45
76,2,46
76,3,46
76,4,46
76,5,46
76,6,46
76,7,46
76,6,53
76,7,53
76,0,54
76,1,54
76,2,54
76,3,54
76,4,58
76,5,58
76,6,58
76,7,58
76,2,61
76,3,61
76,2,65
76,3,65
76,4,65
76,5,65
76,6,65
76,7,65
76,4,72
76,5,72
76,6,72
76,7,72
76,0,79
76,1,79
76,2,79
76,3,79
76,4,79
76,5,79
76,6,79
76,7,79
76,2,86
76,3,86
76,4,86
76,5,86
76,6,86
76,7,86
76,0,87
76,1,87
76,2,87
76,3,87
76,4,87
76,5,87
76,0,88
76,1,88
76,0,93
76,1,93
76,2,93
76,3,93
76,4,93
76,5,93
76,6,93
76,7,93
76,0,94
76,1,94
76,2,94
76,3,94
76,4,94
76,5,94
76,6,94
76,7,94
76,0,95
76,1,95
76,0,100
76,1,100
76,2,100
76,3,100
76,4,100
76,5,100
76,6,100
76,7,100
76,0,101
76,1,101
76,2,101
76,3,101
76,0,102
76,1,102
76,2,102
76,3,102
76,4,102
76,5,102
76,0,107
76,1,107
76,2,107
76,3,107
76,4,107
76,5,107
76,6,107
76,7,107
76,0,108
76,1,108
76,0,109
76,1,109
76,2,109
76,3,109
76,4,109
76,5,109
76,6,113
76,7,113
76,0,114
76,1,114
76,2,114
76,3,114
76,4,114
76,5,114
76,6,114
76,7,114
76,2,116
76,3,116
76,4,116
76,5,116
76,6,116
76,7,116
76,0,121
76,1,121
76,2,121
76,3,121
76,4,121
76,5,121
76,6,121
76,7,121
76,2,123
76,3,123
76,4,123
76,5,123
76,2,130
76,3,130
76,4,130
76,5,130
76,6,130
76,7,130
76,2,137
76,3,137
76,4,137
76,5,137
76,6,137
76,7,137
76,6,142
76,7,142
76,2,144
76,3,144
76,4,144
76,5,144
76,6,149
76,7,149
76,0,150
76,1,150
76,2,151
76,3,151
76,4,151
76,5,151
76,6,151
76,7,151
76,0,157
76,1,157
76,2,157
76,3,157
76,4,157
76,5,157
76,0,158
76,1,158
76,2,158
76,3,158
76,4,158
76,5,158
76,0,164
76,1,164
76,4,164
76,5,164
76,6,164
76,7,164
76,0,165
76,1,165
76,2,165
76,3,165
77,4,30
77,5,30
77,6,30
77,7,30
77,0,31
77,1,31
77,4,31
77,5,31
77,4,37
77,5,37
77,6,37
77,7,37
77,2,38
77,3,38
77,4,38
77,5,38
77,6,38
77,7,38
77,0,39
77,1,39
77,2,39
77,3,39
77,0,46
77,1,46
77,4,46
77,5,46
77,0,47
77,1,47
77,4,51
77,5,51
77,6,53
77,7,53
77,0,54
77,1,54
77,2,54
77,3,54
77,2,58
77,3,58
77,4,58
77,5,58
77,2,61
77,3,61
77,2,65
77,3,65
77,4,65
77,5,65
77,6,65
77,7,65
77,4,72
77,5,72
77,6,72
77,7,72
77,0,79
77,1,79
77,2,79
77,3,79
77,4,79
77,5,79
77,6,79
77,7,79
77,2,86
77,3,86
77,4,86
77,5,86
77,6,86
77,7,86
77,6,87
77,7,87
77,2,93
77,3,93
77,4,93
77,5,93
77,6,93
77,7,93
77,0,94
77,1,94
77,2,94
77,3,94
77,4,94
77,5,94
77,6,94
77,7,94
77,0,95
77,1,95
77,0,100
77,1,100
77,2,100
77,3,100
77,4,100
77,5,100
77,6,100
77,7,100
77,0,101
77,1,101
77,2,101
77,3,101
77,6,101
77,7,101
77,0,102
77,1,102
77,2,102
77,3,102
77,0,107
77,1,107
77,2,107
77,3,107
77,4,107
77,5,107
77,6,107
77,7,107
77,0,108
77,1,108
77,2,108
77,3,108
77,2,109
77,3,109
77,4,109
77,5,109
77,2,114
77,3,114
77,4,114
77,5,114
77,6,114
77,7,114
77,2,116
77,3,116
77,4,116
77,5,116
77,2,121
77,3,121
77,4,121
77,5,121
77,2,123
77,3,123
77,4,123
77,5,123
77,6,123
77,7,123
77,2,130
77,3,130
77,4,130
77,5,130
77,6,130
77,7,130
77,4,135
77,5,135
77,2,137
77,3,137
77,4,137
77,5,137
77,4,142
77,5,142
77,6,142
77,7,142
77,2,144
77,3,144
77,4,144
77,5,144
77,0,150
77,1,150
77,0,151
77,1,151
77,2,151
77,3,151
77,4,151
77,5,151
77,6,151
77,7,151
77,0,157
77,1,157
77,2,157
77,3,157
77,0,158
77,1,158
77,2,158
77,3,158
77,4,158
77,5,158
77,2,164
77,3,164
77,4,164
77,5,164
77,6,164
77,7,164
77,0,165
77,1,165
77,2,165
77,3,165
77,4,165
77,5,165
78,6,30
78,7,30
78,0,31
78,1,31
78,2,31
78,3,31
78,4,37
78,5,37
78,6,37
78,7,37
78,0,38
78,1,38
78,2,38
78,3,38
78,4,38
78,5,38
78,6,38
78,7,38
78,0,39
78,1,39
78,2,39
78,3,39
78,4,39
78,5,39
78,0,46
78,1,46
78,2,46
78,3,46
78,4,46
78,5,46
78,6,46
78,7,46
78,0,47
78,1,47
78,4,51
78,5,51
78,4,53
78,5,53
78,6,53
78,7,53
78,0,54
78,1,54
78,2,54
78,3,54
78,4,58
78,5,58
78,6,58
78,7,58
78,6,60
78,7,60
78,0,61
78,1,61
78,2,61
78,3,61
78,2,65
78,3,65
78,4,65
78,5,65
78,6,65
78,7,65
78,0,66
78,1,66
78,4,72
78,5,72
78,6,72
78,7,72
78,2,79
78,3,79
78,6,79
78,7,79
78,0,86
78,1,86
78,2,86
78,3,86
78,4,86
78,5,86
78,6,86
78,7,86
78,2,87
78,3,87
78,6,87
78,7,87
78,0,93
78,1,93
78,2,93
78,3,93
78,4,93
78,5,93
78,6,93
78,7,93
78,0,94
78,1,94
78,2,94
78,3,94
78,4,94
78,5,94
78,6,94
78,7,94
78,0,100
78,1,100
78,2,100
78,3,100
78,4,100
78,5,100
78,6,100
78,7,100
78,0,101
78,1,101
78,2,101
78,3,101
78,4,101
78,5,101
78,0,102
78,1,102
78,2,102
78,3,102
78,0,107
78,1,107
78,2,107
78,3,107
78,4,107
78,5,107
78,6,107
78,7,107
78,0,108
78,1,108
78,2,108
78,3,108
78,0,109
78,1,109
78,2,109
78,3,109
78,4,109
78,5,109
78,0,114
78,1,114
78,2,114
78,3,114
78,4,114
78,5,114
78,6,114
78,7,114
78,2,116
78,3,116
78,4,116
78,5,116
78,6,116
78,7,116
78,2,121
78,3,121
78,4,121
78,5,121
78,2,123
78,3,123
78,4,123
78,5,123
78,6,123
78,7,123
78,2,130
78,3,130
78,4,130
78,5,130
78,6,130
78,7,130
78,4,135
78,5,135
78,4,137
78,5,137
78,6,137
78,7,137
78,6,142
78,7,142
78,2,144
78,3,144
78,4,144
78,5,144
78,6,144
78,7,144
78,0,150
78,1,150
78,2,151
78,3,151
78,4,151
78,5,151
78,6,151
78,7,151
78,0,157
78,1,157
78,2,157
78,3,157
78,4,157
78,5,157
78,6,157
78,7,157
78,0,158
78,1,158
78,2,158
78,3,158
78,4,158
78,5,158
78,2,164
78,3,164
78,4,164
78,5,164
78,6,164
78,7,164
78,0,165
78,1,165
78,2,165
78,3,165
78,4,165
78,5,165
78,6,165
78,7,165
79,0,31
79,1,31
79,2,31
79,3,31
79,4,37
79,5,37
79,6,37
79,7,37
79,2,38
79,3,38
79,4,38
79,5,38
79,6,38
79,7,38
79,0,39
79,1,39
79,2,39
79,3,39
79,6,44
79,7,44
79,0,45
79,1,45
79,4,45
79,5,45
79,0,46
79,1,46
79,4,46
79,5,46
79,0,47
79,1,47
79,4,51
79,5,51
79,6,51
79,7,51
79,4,53
79,5,53
79,6,53
79,7,53
79,0,54
79,1,54
79,2,58
79,3,58
79,4,58
79,5,58
79,6,58
79,7,58
79,0,61
79,1,61
79,2,61
79,3,61
79,4,65
79,5,65
79,6,65
79,7,65
79,2,72
79,3,72
79,4,72
79,5,72
79,0,79
79,1,79
79,2,79
79,3,79
79,4,79
79,5,79
79,6,79
79,7,79
79,0,86
79,1,86
79,2,86
79,3,86
79,4,86
79,5,86
79,6,86
79,7,86
79,0,87
79,1,87
79,4,87
79,5,87
79,0,93
79,1,93
79,2,93
79,3,93
79,4,93
79,5,93
79,6,93
79,7,93
79,0,94
79,1,94
79,2,94
79,3,94
79,4,94
79,5,94
79,6,94
79,7,94
79,0,95
79,1,95
79,0,100
79,1,100
79,2,100
79,3,100
79,4,100
79,5,100
79,6,100
79,7,100
79,0,101
79,1,101
79,2,101
79,3,101
79,0,102
79,1,102
79,2,102
79,3,102
79,0,107
79,1,107
79,2,107
79,3,107
79,4,107
79,5,107
79,6,107
79,7,107
79,0,108
79,1,108
79,2,109
79,3,109
79,4,109
79,5,109
79,0,114
79,1,114
79,2,114
79,3,114
79,4,114
79,5,114
79,6,114
79,7,114
79,2,116
79,3,116
79,4,116
79,5,116
79,2,121
79,3,121
79,4,121
79,5,121
79,6,121
79,7,121
79,2,123
79,3,123
79,4,123
79,5,123
79,6,123
79,7,123
79,2,130
79,3,130
79,4,130
79,5,130
79,6,130
79,7,130
79,4,135
79,5,135
79,2,137
79,3,137
79,4,137
79,5,137
79,6,137
79,7,137
79,2,144
79,3,144
79,4,144
79,5,144
79,6,144
79,7,144
79,6,149
79,7,149
79,0,150
79,1,150
79,0,151
79,1,151
79,2,151
79,3,151
79,4,151
79,5,151
79,6,156
79,7,156
79,0,157
79,1,157
79,2,157
79,3,157
79,4,157
79,5,157
79,6,157
79,7,157
79,0,158
79,1,158
79,2,158
79,3,158
79,4,158
79,5,158
79,6,158
79,7,158
79,4,164
79,5,164
79,6,164
79,7,164
79,0,165
79,1,165
79,2,165
79,3,165
79,4,165
79,5,165
80,6,30
80,7,30
80,0,31
80,1,31
80,4,31
80,5,31
80,6,31
80,7,31
80,4,37
80,5,37
80,6,37
80,7,37
80,0,38
80,1,38
80,2,38
80,3,38
80,4,38
80,5,38
80,6,38
80,7,38
80,0,39
80,1,39
80,2,39
80,3,39
80,4,39
80,5,39
80,6,39
80,7,39
80,2,45
80,3,45
80,2,46
80,3,46
80,4,46
80,5,46
80,6,46
80,7,46
80,4,51
80,5,51
80,6,53
80,7,53
80,0,54
80,1,54
80,2,54
80,3,54
80,2,58
80,3,58
80,4,58
80,5,58
80,6,58
80,7,58
80,0,59
80,1,59
80,2,61
80,3,61
80,2,65
80,3,65
80,4,65
80,5,65
80,6,65
80,7,65
80,2,72
80,3,72
80,4,72
80,5,72
80,6,72
80,7,72
80,2,79
80,3,79
80,4,79
80,5,79
80,6,79
80,7,79
80,0,86
80,1,86
80,2,86
80,3,86
80,4,86
80,5,86
80,6,86
80,7,86
80,0,87
80,1,87
80,4,87
80,5,87
80,6,87
80,7,87
80,0,93
80,1,93
80,2,93
80,3,93
80,4,93
80,5,93
80,6,93
80,7,93
80,0,94
80,1,94
80,2,94
80,3,94
80,4,94
80,5,94
80,6,94
80,7,94
80,0,95
80,1,95
80,0,100
80,1,100
80,2,100
80,3,100
80,4,100
80,5,100
80,6,100
80,7,100
80,0,101
80,1,101
80,2,101
80,3,101
80,4,101
80,5,101
80,0,102
80,1,102
80,2,102
80,3,102
80,0,107
80,1,107
80,2,107
80,3,107
80,4,107
80,5,107
80,6,107
80,7,107
80,0,108
80,1,108
80,2,109
80,3,109
80,4,109
80,5,109
80,0,114
80,1,114
80,2,114
80,3,114
80,4,114
80,5,114
80,6,114
80,7,114
80,0,116
80,1,116
80,2,116
80,3,116
80,4,116
80,5,116
80,6,116
80,7,116
80,2,121
80,3,121
80,4,121
80,5,121
80,2,123
80,3,123
80,4,123
80,5,123
80,6,123
80,7,123
80,2,130
80,3,130
80,4,130
80,5,130
80,6,130
80,7,130
80,4,135
80,5,135
80,2,137
80,3,137
80,4,137
80,5,137
80,4,142
80,5,142
80,6,142
80,7,142
80,2,144
80,3,144
80,4,144
80,5,144
80,6,149
80,7,149
80,0,150
80,1,150
80,2,151
80,3,151
80,4,151
80,5,151
80,6,156
80,7,156
80,0,157
80,1,157
80,2,157
80,3,157
80,4,157
80,5,157
80,6,157
80,7,157
80,0,158
80,1,158
80,2,158
80,3,158
80,4,158
80,5,158
80,2,164
80,3,164
80,4,164
80,5,164
80,6,164
80,7,164
80,0,165
80,1,165
80,2,165
80,3,165
80,4,165
80,5,165
81,6,30
81,7,30
81,0,31
81,1,31
81,2,31
81,3,31
81,4,31
81,5,31
81,6,31
81,7,31
81,6,37
81,7,37
81,0,38
81,1,38
81,4,38
81,5,38
81,6,38
81,7,38
81,0,39
81,1,39
81,2,39
81,3,39
81,4,39
81,5,39
81,2,46
81,3,46
81,4,46
81,5,46
81,6,46
81,7,46
81,4,51
81,5,51
81,6,53
81,7,53
81,0,54
81,1,54
81,2,54
81,3,54
81,4,58
81,5,58
81,6,58
81,7,58
81,0,61
81,1,61
81,2,61
81,3,61
81,4,61
81,5,61
81,4,65
81,5,65
81,6,65
81,7,65
81,2,72
81,3,72
81,4,72
81,5,72
81,0,79
81,1,79
81,4,79
81,5,79
81,6,79
81,7,79
81,0,86
81,1,86
81,2,86
81,3,86
81,4,86
81,5,86
81,6,86
81,7,86
81,0,93
81,1,93
81,2,93
81,3,93
81,4,93
81,5,93
81,6,93
81,7,93
81,0,94
81,1,94
81,2,94
81,3,94
81,4,94
81,5,94
81,6,94
81,7,94
81,2,95
81,3,95
81,2,100
81,3,100
81,4,100
81,5,100
81,6,100
81,7,100
81,0,101
81,1,101
81,2,101
81,3,101
81,4,101
81,5,101
81,0,102
81,1,102
81,2,102
81,3,102
81,6,106
81,7,106
81,0,107
81,1,107
81,2,107
81,3,107
81,4,107
81,5,107
81,6,107
81,7,107
81,0,108
81,1,108
81,2,108
81,3,108
81,0,109
81,1,109
81,2,109
81,3,109
81,4,109
81,5,109
81,2,114
81,3,114
81,4,114
81,5,114
81,6,114
81,7,114
81,2,116
81,3,116
81,4,116
81,5,116
81,0,121
81,1,121
81,2,121
81,3,121
81,4,121
81,5,121
81,2,123
81,3,123
81,4,123
81,5,123
81,6,123
81,7,123
81,2,130
81,3,130
81,4,130
81,5,130
81,6,130
81,7,130
81,4,135
81,5,135
81,2,137
81,3,137
81,4,137
81,5,137
81,6,137
81,7,137
81,6,142
81,7,142
81,2,144
81,3,144
81,4,144
81,5,144
81,6,149
81,7,149
81,2,150
81,3,150
81,2,151
81,3,151
81,4,151
81,5,151
81,0,157
81,1,157
81,2,157
81,3,157
81,4,157
81,5,157
81,0,158
81,1,158
81,2,158
81,3,158
81,4,158
81,5,158
81,2,164
81,3,164
81,4,164
81,5,164
81,6,164
81,7,164
81,0,165
81,1,165
81,2,165
81,3,165
81,4,165
81,5,165
82,0,31
82,1,31
82,2,31
82,3,31
82,6,31
82,7,31
82,4,37
82,5,37
82,6,37
82,7,37
82,0,38
82,1,38
82,2,38
82,3,38
82,4,38
82,5,38
82,6,38
82,7,38
82,0,39
82,1,39
82,2,39
82,3,39
82,4,44
82,5,44
82,4,46
82,5,46
82,6,46
82,7,46
82,2,53
82,3,53
82,6,53
82,7,53
82,0,54
82,1,54
82,2,58
82,3,58
82,4,58
82,5,58
82,6,58
82,7,58
82,2,61
82,3,61
82,4,61
82,5,61
82,2,65
82,3,65
82,4,65
82,5,65
82,6,65
82,7,65
82,2,72
82,3,72
82,4,72
82,5,72
82,6,72
82,7,72
82,2,79
82,3,79
82,4,79
82,5,79
82,6,79
82,7,79
82,0,86
82,1,86
82,2,86
82,3,86
82,4,86
82,5,86
82,6,86
82,7,86
82,2,87
82,3,87
82,4,87
82,5,87
82,6,87
82,7,87
82,2,93
82,3,93
82,4,93
82,5,93
82,6,93
82,7,93
82,0,94
82,1,94
82,2,94
82,3,94
82,4,94
82,5,94
82,6,94
82,7,94
82,0,95
82,1,95
82,0,100
82,1,100
82,2,100
82,3,100
82,4,100
82,5,100
82,6,100
82,7,100
82,0,101
82,1,101
82,2,101
82,3,101
82,4,101
82,5,101
82,0,102
82,1,102
82,2,102
82,3,102
82,4,102
82,5,102
82,6,106
82,7,106
82,0,107
82,1,107
82,2,107
82,3,107
82,4,107
82,5,107
82,6,107
82,7,107
82,0,108
82,1,108
82,0,109
82,1,109
82,2,109
82,3,109
82,0,114
82,1,114
82,2,114
82,3,114
82,4,114
82,5,114
82,6,114
82,7,114
82,0,115
82,1,115
82,2,116
82,3,116
82,4,116
82,5,116
82,0,121
82,1,121
82,2,121
82,3,121
82,4,121
82,5,121
82,2,123
82,3,123
82,4,123
82,5,123
82,6,123
82,7,123
82,4,130
82,5,130
82,4,135
82,5,135
82,2,137
82,3,137
82,4,137
82,5,137
82,6,137
82,7,137
82,6,142
82,7,142
82,2,144
82,3,144
82,4,144
82,5,144
82,6,149
82,7,149
82,0,150
82,1,150
82,2,150
82,3,150
82,2,151
82,3,151
82,4,151
82,5,151
82,6,151
82,7,151
82,0,157
82,1,157
82,2,157
82,3,157
82,6,157
82,7,157
82,0,158
82,1,158
82,2,158
82,3,158
82,4,158
82,5,158
82,6,158
82,7,158
82,2,164
82,3,164
82,4,164
82,5,164
82,6,164
82,7,164
82,0,165
82,1,165
82,2,165
82,3,165
83,0,31
83,1,31
83,2,31
83,3,31
83,4,31
83,5,31
83,6,31
83,7,31
83,6,37
83,7,37
83,0,38
83,1,38
83,2,38
83,3,38
83,4,38
83,5,38
83,6,38
83,7,38
83,0,39
83,1,39
83,2,39
83,3,39
83,4,44
83,5,44
83,0,46
83,1,46
83,2,46
83,3,46
83,4,46
83,5,46
83,6,46
83,7,46
83,4,51
83,5,51
83,6,51
83,7,51
83,4,53
83,5,53
83,6,53
83,7,53
83,0,54
83,1,54
83,2,54
83,3,54
83,2,58
83,3,58
83,4,58
83,5,58
83,6,58
83,7,58
83,2,61
83,3,61
83,2,65
83,3,65
83,4,65
83,5,65
83,6,65
83,7,65
83,2,72
83,3,72
83,4,72
83,5,72
83,6,72
83,7,72
83,2,79
83,3,79
83,4,79
83,5,79
83,6,79
83,7,79
83,2,86
83,3,86
83,4,86
83,5,86
83,6,86
83,7,86
83,0,87
83,1,87
83,2,87
83,3,87
83,4,87
83,5,87
83,0,93
83,1,93
83,2,93
83,3,93
83,4,93
83,5,93
83,6,93
83,7,93
83,0,94
83,1,94
83,2,94
83,3,94
83,4,94
83,5,94
83,6,94
83,7,94
83,0,95
83,1,95
83,0,100
83,1,100
83,2,100
83,3,100
83,4,100
83,5,100
83,6,100
83,7,100
83,0,101
83,1,101
83,2,101
83,3,101
83,4,101
83,5,101
83,0,102
83,1,102
83,2,102
83,3,102
83,4,102
83,5,102
83,0,107
83,1,107
83,2,107
83,3,107
83,4,107
83,5,107
83,6,107
83,7,107
83,0,108
83,1,108
83,2,109
83,3,109
83,4,109
83,5,109
83,6,109
83,7,109
83,0,114
83,1,114
83,2,114
83,3,114
83,4,114
83,5,114
83,6,114
83,7,114
83,0,116
83,1,116
83,2,116
83,3,116
83,4,116
83,5,116
83,2,121
83,3,121
83,4,121
83,5,121
83,6,121
83,7,121
83,4,123
83,5,123
83,6,123
83,7,123
83,2,130
83,3,130
83,4,130
83,5,130
83,4,135
83,5,135
83,2,137
83,3,137
83,4,137
83,5,137
83,0,143
83,1,143
83,2,144
83,3,144
83,4,144
83,5,144
83,6,144
83,7,144
83,6,149
83,7,149
83,0,150
83,1,150
83,0,151
83,1,151
83,2,151
83,3,151
83,4,151
83,5,151
83,6,151
83,7,151
83,0,157
83,1,157
83,2,157
83,3,157
83,4,157
83,5,157
83,6,157
83,7,157
83,0,158
83,1,158
83,2,158
83,3,158
83,4,158
83,5,158
83,0,164
83,1,164
83,2,164
83,3,164
83,4,164
83,5,164
83,6,164
83,7,164
83,0,165
83,1,165
83,2,165
83,3,165
83,4,165
83,5,165
84,6,30
84,7,30
84,0,31
84,1,31
84,2,31
84,3,31
84,4,31
84,5,31
84,4,37
84,5,37
84,6,37
84,7,37
84,0,38
84,1,38
84,2,38
84,3,38
84,4,38
84,5,38
84,6,38
84,7,38
84,0,39
84,1,39
84,2,39
84,3,39
84,4,39
84,5,39
84,2,46
84,3,46
84,4,46
84,5,46
84,6,46
84,7,46
84,4,53
84,5,53
84,6,53
84,7,53
84,0,54
84,1,54
84,4,58
84,5,58
84,6,58
84,7,58
84,2,61
84,3,61
84,2,65
84,3,65
84,4,65
84,5,65
84,6,65
84,7,65
84,0,66
84,1,66
84,2,72
84,3,72
84,4,72
84,5,72
84,2,79
84,3,79
84,4,79
84,5,79
84,6,79
84,7,79
84,2,86
84,3,86
84,4,86
84,5,86
84,6,86
84,7,86
84,0,87
84,1,87
84,2,87
84,3,87
84,0,88
84,1,88
84,2,93
84,3,93
84,4,93
84,5,93
84,6,93
84,7,93
84,0,94
84,1,94
84,2,94
84,3,94
84,4,94
84,5,94
84,6,94
84,7,94
84,0,95
84,1,95
84,0,100
84,1,100
84,2,100
84,3,100
84,4,100
84,5,100
84,6,100
84,7,100
84,0,101
84,1,101
84,2,101
84,3,101
84,6,101
84,7,101
84,0,102
84,1,102
84,2,102
84,3,102
84,0,107
84,1,107
84,2,107
84,3,107
84,4,107
84,5,107
84,6,107
84,7,107
84,0,108
84,1,108
84,0,109
84,1,109
84,2,109
84,3,109
84,4,109
84,5,109
84,0,114
84,1,114
84,2,114
84,3,114
84,4,114
84,5,114
84,6,114
84,7,114
84,2,116
84,3,116
84,4,116
84,5,116
84,6,116
84,7,116
84,2,121
84,3,121
84,4,121
84,5,121
84,2,123
84,3,123
84,4,123
84,5,123
84,2,130
84,3,130
84,4,130
84,5,130
84,6,130
84,7,130
84,4,135
84,5,135
84,2,137
84,3,137
84,4,137
84,5,137
84,6,142
84,7,142
84,2,144
84,3,144
84,4,144
84,5,144
84,0,150
84,1,150
84,0,151
84,1,151
84,2,151
84,3,151
84,4,151
84,5,151
84,6,151
84,7,151
84,0,157
84,1,157
84,2,157
84,3,157
84,0,158
84,1,158
84,2,158
84,3,158
84,4,158
84,5,158
84,2,164
84,3,164
84,4,164
84,5,164
84,6,164
84,7,164
84,0,165
84,1,165
84,2,165
84,3,165
85,2,31
85,3,31
85,6,31
85,7,31
85,0,32
85,1,32
85,4,37
85,5,37
85,6,37
85,7,37
85,0,38
85,1,38
85,2,38
85,3,38
85,4,38
85,5,38
85,6,38
85,7,38
85,0,39
85,1,39
85,6,44
85,7,44
85,0,46
85,1,46
85,2,46
85,3,46
85,4,46
85,5,46
85,6,46
85,7,46
85,6,51
85,7,51
85,4,53
85,5,53
85,6,53
85,7,53
85,0,54
85,1,54
85,4,58
85,5,58
85,6,58
85,7,58
85,2,61
85,3,61
85,4,61
85,5,61
85,2,65
85,3,65
85,4,65
85,5,65
85,6,65
85,7,65
85,2,72
85,3,72
85,4,72
85,5,72
85,6,72
85,7,72
85,0,79
85,1,79
85,2,79
85,3,79
85,4,79
85,5,79
85,6,79
85,7,79
85,2,86
85,3,86
85,4,86
85,5,86
85,6,86
85,7,86
85,2,87
85,3,87
85,4,87
85,5,87
85,6,87
85,7,87
85,0,93
85,1,93
85,2,93
85,3,93
85,4,93
85,5,93
85,6,93
85,7,93
85,0,94
85,1,94
85,2,94
85,3,94
85,4,94
85,5,94
85,6,94
85,7,94
85,0,95
85,1,95
85,0,100
85,1,100
85,2,100
85,3,100
85,4,100
85,5,100
85,6,100
85,7,100
85,0,101
85,1,101
85,2,101
85,3,101
85,4,101
85,5,101
85,6,101
85,7,101
85,0,102
85,1,102
85,2,102
85,3,102
85,0,107
85,1,107
85,2,107
85,3,107
85,4,107
85,5,107
85,6,107
85,7,107
85,2,109
85,3,109
85,4,109
85,5,109
85,0,114
85,1,114
85,2,114
85,3,114
85,4,114
85,5,114
85,2,116
85,3,116
85,4,116
85,5,116
85,2,121
85,3,121
85,4,121
85,5,121
85,2,123
85,3,123
85,4,123
85,5,123
85,6,123
85,7,123
85,2,130
85,3,130
85,4,130
85,5,130
85,6,130
85,7,130
85,4,135
85,5,135
85,2,137
85,3,137
85,4,137
85,5,137
85,6,137
85,7,137
85,4,142
85,5,142
85,6,142
85,7,142
85,2,144
85,3,144
85,4,144
85,5,144
85,6,144
85,7,144
85,6,149
85,7,149
85,0,150
85,1,150
85,2,151
85,3,151
85,4,151
85,5,151
85,0,157
85,1,157
85,2,157
85,3,157
85,4,157
85,5,157
85,6,157
85,7,157
85,0,158
85,1,158
85,2,158
85,3,158
85,4,158
85,5,158
85,6,158
85,7,158
85,2,164
85,3,164
85,4,164
85,5,164
85,6,164
85,7,164
85,0,165
85,1,165
85,2,165
85,3,165
85,4,165
85,5,165
86,0,31
86,1,31
86,2,31
86,3,31
86,4,31
86,5,31
86,6,31
86,7,31
86,4,37
86,5,37
86,6,37
86,7,37
86,0,38
86,1,38
86,2,38
86,3,38
86,4,38
86,5,38
86,6,38
86,7,38
86,0,39
86,1,39
86,2,39
86,3,39
86,4,39
86,5,39
86,4,44
86,5,44
86,6,45
86,7,45
86,0,46
86,1,46
86,2,46
86,3,46
86,4,46
86,5,46
86,6,46
86,7,46
86,4,51
86,5,51
86,6,51
86,7,51
86,6,53
86,7,53
86,0,54
86,1,54
86,2,54
86,3,54
86,4,58
86,5,58
86,6,58
86,7,58
86,2,61
86,3,61
86,2,65
86,3,65
86,4,65
86,5,65
86,6,65
86,7,65
86,2,72
86,3,72
86,4,72
86,5,72
86,6,72
86,7,72
86,2,79
86,3,79
86,4,79
86,5,79
86,6,79
86,7,79
86,2,86
86,3,86
86,4,86
86,5,86
86,6,86
86,7,86
86,0,87
86,1,87
86,2,87
86,3,87
86,4,87
86,5,87
86,0,93
86,1,93
86,2,93
86,3,93
86,4,93
86,5,93
86,6,93
86,7,93
86,0,94
86,1,94
86,2,94
86,3,94
86,4,94
86,5,94
86,6,94
86,7,94
86,0,95
86,1,95
86,2,95
86,3,95
86,0,100
86,1,100
86,2,100
86,3,100
86,4,100
86,5,100
86,6,100
86,7,100
86,0,101
86,1,101
86,2,101
86,3,101
86,6,101
86,7,101
86,0,102
86,1,102
86,2,102
86,3,102
86,0,107
86,1,107
86,2,107
86,3,107
86,4,107
86,5,107
86,6,107
86,7,107
86,0,108
86,1,108
86,2,109
86,3,109
86,4,109
86,5,109
86,0,114
86,1,114
86,2,114
86,3,114
86,4,114
86,5,114
86,6,114
86,7,114
86,2,116
86,3,116
86,4,116
86,5,116
86,2,121
86,3,121
86,4,121
86,5,121
86,2,123
86,3,123
86,4,123
86,5,123
86,2,130
86,3,130
86,4,130
86,5,130
86,4,135
86,5,135
86,2,137
86,3,137
86,4,137
86,5,137
86,6,137
86,7,137
86,6,142
86,7,142
86,0,143
86,1,143
86,2,144
86,3,144
86,4,144
86,5,144
86,0,150
86,1,150
86,0,151
86,1,151
86,2,151
86,3,151
86,4,151
86,5,151
86,6,151
86,7,151
86,0,157
86,1,157
86,2,157
86,3,157
86,4,157
86,5,157
86,6,157
86,7,157
86,0,158
86,1,158
86,4,158
86,5,158
86,6,158
86,7,158
86,2,164
86,3,164
86,4,164
86,5,164
86,6,164
86,7,164
86,0,165
86,1,165
86,2,165
86,3,165
87,6,30
87,7,30
87,0,31
87,1,31
87,2,31
87,3,31
87,6,31
87,7,31
87,6,37
87,7,37
87,0,38
87,1,38
87,2,38
87,3,38
87,4,38
87,5,38
87,6,38
87,7,38
87,0,39
87,1,39
87,2,39
87,3,39
87,4,44
87,5,44
87,4,46
87,5,46
87,6,46
87,7,46
87,4,51
87,5,51
87,6,51
87,7,51
87,6,53
87,7,53
87,4,58
87,5,58
87,6,58
87,7,58
87,2,61
87,3,61
87,2,65
87,3,65
87,4,65
87,5,65
87,6,65
87,7,65
87,2,72
87,3,72
87,4,72
87,5,72
87,6,72
87,7,72
87,2,79
87,3,79
87,4,79
87,5,79
87,2,86
87,3,86
87,4,86
87,5,86
87,6,86
87,7,86
87,0,87
87,1,87
87,2,87
87,3,87
87,4,87
87,5,87
87,6,87
87,7,87
87,0,93
87,1,93
87,2,93
87,3,93
87,4,93
87,5,93
87,6,93
87,7,93
87,0,94
87,1,94
87,2,94
87,3,94
87,4,94
87,5,94
87,6,94
87,7,94
87,0,95
87,1,95
87,2,100
87,3,100
87,4,100
87,5,100
87,6,100
87,7,100
87,0,101
87,1,101
87,2,101
87,3,101
87,0,102
87,1,102
87,2,102
87,3,102
87,0,107
87,1,107
87,2,107
87,3,107
87,4,107
87,5,107
87,6,107
87,7,107
87,0,108
87,1,108
87,0,109
87,1,109
87,2,109
87,3,109
87,4,109
87,5,109
87,0,114
87,1,114
87,2,114
87,3,114
87,4,114
87,5,114
87,6,114
87,7,114
87,0,115
87,1,115
87,2,116
87,3,116
87,4,116
87,5,116
87,2,121
87,3,121
87,4,121
87,5,121
87,6,121
87,7,121
87,2,123
87,3,123
87,4,123
87,5,123
87,4,130
87,5,130
87,4,135
87,5,135
87,2,137
87,3,137
87,4,137
87,5,137
87,6,142
87,7,142
87,2,144
87,3,144
87,4,144
87,5,144
87,6,149
87,7,149
87,0,150
87,1,150
87,2,151
87,3,151
87,4,151
87,5,151
87,6,151
87,7,151
87,0,157
87,1,157
87,2,157
87,3,157
87,4,157
87,5,157
87,6,157
87,7,157
87,0,158
87,1,158
87,2,158
87,3,158
87,4,158
87,5,158
87,6,158
87,7,158
87,0,164
87,1,164
87,2,164
87,3,164
87,4,164
87,5,164
87,6,164
87,7,164
87,0,165
87,1,165
87,2,165
87,3,165
88,6,30
88,7,30
88,0,31
88,1,31
88,2,31
88,3,31
88,4,31
88,5,31
88,6,31
88,7,31
88,4,37
88,5,37
88,6,37
88,7,37
88,4,38
88,5,38
88,6,38
88,7,38
88,0,39
88,1,39
88,4,39
88,5,39
88,0,46
88,1,46
88,2,46
88,3,46
88,4,46
88,5,46
88,6,46
88,7,46
88,4,51
88,5,51
88,6,53
88,7,53
88,0,54
88,1,54
88,2,54
88,3,54
88,2,58
88,3,58
88,4,58
88,5,58
88,6,58
88,7,58
88,0,61
88,1,61
88,2,61
88,3,61
88,4,65
88,5,65
88,6,65
88,7,65
88,2,72
88,3,72
88,4,72
88,5,72
88,6,72
88,7,72
88,0,79
88,1,79
88,2,79
88,3,79
88,4,79
88,5,79
88,6,79
88,7,79
88,0,86
88,1,86
88,2,86
88,3,86
88,4,86
88,5,86
88,6,86
88,7,86
88,2,87
88,3,87
88,4,87
88,5,87
88,6,87
88,7,87
88,0,93
88,1,93
88,2,93
88,3,93
88,4,93
88,5,93
88,6,93
88,7,93
88,0,94
88,1,94
88,2,94
88,3,94
88,4,94
88,5,94
88,6,94
88,7,94
88,0,95
88,1,95
88,2,100
88,3,100
88,4,100
88,5,100
88,6,100
88,7,100
88,0,101
88,1,101
88,2,101
88,3,101
88,4,101
88,5,101
88,6,101
88,7,101
88,0,102
88,1,102
88,2,102
88,3,102
88,0,107
88,1,107
88,2,107
88,3,107
88,4,107
88,5,107
88,6,107
88,7,107
88,0,108
88,1,108
88,2,108
88,3,108
88,2,109
88,3,109
88,4,109
88,5,109
88,6,109
88,7,109
88,0,114
88,1,114
88,2,114
88,3,114
88,4,114
88,5,114
88,6,114
88,7,114
88,2,116
88,3,116
88,4,116
88,5,116
88,2,121
88,3,121
88,4,121
88,5,121
88,4,123
88,5,123
88,4,130
88,5,130
88,6,130
88,7,130
88,2,137
88,3,137
88,4,137
88,5,137
88,6,137
88,7,137
88,4,142
88,5,142
88,6,142
88,7,142
88,2,144
88,3,144
88,4,144
88,5,144
88,6,144
88,7,144
88,6,149
88,7,149
88,2,151
88,3,151
88,4,151
88,5,151
88,0,157
88,1,157
88,2,157
88,3,157
88,4,157
88,5,157
88,0,158
88,1,158
88,2,158
88,3,158
88,4,158
88,5,158
88,6,158
88,7,158
88,2,164
88,3,164
88,4,164
88,5,164
88,6,164
88,7,164
88,0,165
88,1,165
88,2,165
88,3,165
89,6,30
89,7,30
89,0,31
89,1,31
89,2,31
89,3,31
89,4,31
89,5,31
89,6,31
89,7,31
89,6,37
89,7,37
89,0,38
89,1,38
89,2,38
89,3,38
89,4,38
89,5,38
89,6,38
89,7,38
89,0,39
89,1,39
89,2,39
89,3,39
89,4,39
89,5,39
89,4,44
89,5,44
89,0,46
89,1,46
89,2,46
89,3,46
89,4,46
89,5,46
89,0,47
89,1,47
89,4,53
89,5,53
89,6,53
89,7,53
89,0,54
89,1,54
89,2,54
89,3,54
89,4,58
89,5,58
89,6,58
89,7,58
89,2,61
89,3,61
89,2,65
89,3,65
89,4,65
89,5,65
89,6,65
89,7,65
89,2,72
89,3,72
89,4,72
89,5,72
89,6,72
89,7,72
89,0,79
89,1,79
89,2,79
89,3,79
89,4,79
89,5,79
89,6,79
89,7,79
89,2,86
89,3,86
89,4,86
89,5,86
89,6,86
89,7,86
89,0,87
89,1,87
89,2,87
89,3,87
89,0,93
89,1,93
89,2,93
89,3,93
89,4,93
89,5,93
89,6,93
89,7,93
89,0,94
89,1,94
89,2,94
89,3,94
89,4,94
89,5,94
89,6,94
89,7,94
89,0,95
89,1,95
89,2,100
89,3,100
89,4,100
89,5,100
89,6,100
89,7,100
89,0,101
89,1,101
89,2,101
89,3,101
89,6,101
89,7,101
89,0,102
89,1,102
89,2,102
89,3,102
89,0,107
89,1,107
89,2,107
89,3,107
89,4,107
89,5,107
89,6,107
89,7,107
89,0,108
89,1,108
89,0,109
89,1,109
89,2,109
89,3,109
89,4,109
89,5,109
89,6,109
89,7,109
89,2,114
89,3,114
89,4,114
89,5,114
89,6,114
89,7,114
89,2,116
89,3,116
89,4,116
89,5,116
89,4,121
89,5,121
89,2,123
89,3,123
89,4,123
89,5,123
89,6,123
89,7,123
89,4,130
89,5,130
89,4,135
89,5,135
89,2,137
89,3,137
89,4,137
89,5,137
89,6,137
89,7,137
89,6,142
89,7,142
89,2,144
89,3,144
89,4,144
89,5,144
89,6,144
89,7,144
89,0,150
89,1,150
89,0,151
89,1,151
89,2,151
89,3,151
89,4,151
89,5,151
89,6,151
89,7,151
89,0,157
89,1,157
89,2,157
89,3,157
89,4,157
89,5,157
89,0,158
89,1,158
89,2,158
89,3,158
89,4,158
89,5,158
89,2,164
89,3,164
89,4,164
89,5,164
89,6,164
89,7,164
89,0,165
89,1,165
89,2,165
89,3,165
89,4,165
89,5,165
90,6,30
90,7,30
90,0,31
90,1,31
90,2,31
90,3,31
90,4,37
90,5,37
90,6,37
90,7,37
90,0,38
90,1,38
90,2,38
90,3,38
90,4,38
90,5,38
90,6,38
90,7,38
90,0,39
90,1,39
90,2,39
90,3,39
90,4,39
90,5,39
90,6,44
90,7,44
90,0,46
90,1,46
90,4,46
90,5,46
90,0,47
90,1,47
90,4,51
90,5,51
90,6,51
90,7,51
90,6,53
90,7,53
90,0,54
90,1,54
90,4,58
90,5,58
90,6,58
90,7,58
90,2,61
90,3,61
90,4,61
90,5,61
90,4,65
90,5,65
90,6,65
90,7,65
90,2,72
90,3,72
90,4,72
90,5,72
90,6,72
90,7,72
90,0,79
90,1,79
90,2,79
90,3,79
90,4,79
90,5,79
90,2,86
90,3,86
90,4,86
90,5,86
90,6,86
90,7,86
90,4,87
90,5,87
90,6,87
90,7,87
90,0,93
90,1,93
90,2,93
90,3,93
90,4,93
90,5,93
90,6,93
90,7,93
90,0,94
90,1,94
90,2,94
90,3,94
90,4,94
90,5,94
90,6,94
90,7,94
90,0,95
90,1,95
90,0,100
90,1,100
90,2,100
90,3,100
90,4,100
90,5,100
90,6,100
90,7,100
90,0,101
90,1,101
90,2,101
90,3,101
90,4,101
90,5,101
90,6,101
90,7,101
90,0,102
90,1,102
90,2,102
90,3,102
90,0,107
90,1,107
90,2,107
90,3,107
90,4,107
90,5,107
90,6,107
90,7,107
90,0,108
90,1,108
90,2,108
90,3,108
90,2,109
90,3,109
90,4,109
90,5,109
90,0,114
90,1,114
90,2,114
90,3,114
90,4,114
90,5,114
90,6,114
90,7,114
90,2,116
90,3,116
90,4,116
90,5,116
90,2,121
90,3,121
90,4,121
90,5,121
90,2,123
90,3,123
90,4,123
90,5,123
90,6,123
90,7,123
90,2,130
90,3,130
90,4,130
90,5,130
90,6,130
90,7,130
90,4,135
90,5,135
90,2,137
90,3,137
90,4,137
90,5,137
90,6,137
90,7,137
90,4,142
90,5,142
90,6,142
90,7,142
90,2,144
90,3,144
90,4,144
90,5,144
90,6,149
90,7,149
90,0,150
90,1,150
90,2,150
90,3,150
90,0,151
90,1,151
90,2,151
90,3,151
90,4,151
90,5,151
90,6,151
90,7,151
90,0,157
90,1,157
90,2,157
90,3,157
90,4,157
90,5,157
90,0,158
90,1,158
90,2,158
90,3,158
90,4,158
90,5,158
90,6,158
90,7,158
90,2,164
90,3,164
90,4,164
90,5,164
90,6,164
90,7,164
90,0,165
90,1,165
90,2,165
90,3,165
90,4,165
90,5,165
91,4,31
91,5,31
91,6,31
91,7,31
91,4,37
91,5,37
91,6,37
91,7,37
91,2,38
91,3,38
91,4,38
91,5,38
91,6,38
91,7,38
91,0,39
91,1,39
91,2,39
91,3,39
91,4,39
91,5,39
91,4,44
91,5,44
91,0,46
91,1,46
91,2,46
91,3,46
91,4,46
91,5,46
91,6,46
91,7,46
91,4,51
91,5,51
91,6,53
91,7,53
91,0,54
91,1,54
91,4,58
91,5,58
91,6,58
91,7,58
91,0,61
91,1,61
91,2,61
91,3,61
91,4,61
91,5,61
91,2,65
91,3,65
91,4,65
91,5,65
91,6,65
91,7,65
91,0,66
91,1,66
91,2,72
91,3,72
91,4,72
91,5,72
91,6,72
91,7,72
91,2,79
91,3,79
91,4,79
91,5,79
91,6,79
91,7,79
91,2,86
91,3,86
91,4,86
91,5,86
91,6,86
91,7,86
91,0,87
91,1,87
91,2,87
91,3,87
91,4,87
91,5,87
91,6,87
91,7,87
91,2,93
91,3,93
91,4,93
91,5,93
91,6,93
91,7,93
91,0,94
91,1,94
91,2,94
91,3,94
91,4,94
91,5,94
91,6,94
91,7,94
91,0,95
91,1,95
91,0,100
91,1,100
91,2,100
91,3,100
91,4,100
91,5,100
91,6,100
91,7,100
91,0,101
91,1,101
91,2,101
91,3,101
91,4,101
91,5,101
91,6,101
91,7,101
91,0,102
91,1,102
91,2,102
91,3,102
91,2,107
91,3,107
91,4,107
91,5,107
91,6,107
91,7,107
91,0,108
91,1,108
91,2,108
91,3,108
91,0,109
91,1,109
91,2,109
91,3,109
91,4,109
91,5,109
91,6,113
91,7,113
91,2,114
91,3,114
91,4,114
91,5,114
91,6,114
91,7,114
91,2,116
91,3,116
91,4,116
91,5,116
91,0,121
91,1,121
91,2,121
91,3,121
91,4,121
91,5,121
91,6,121
91,7,121
91,2,123
91,3,123
91,4,123
91,5,123
91,2,130
91,3,130
91,4,130
91,5,130
91,2,137
91,3,137
91,4,137
91,5,137
91,6,137
91,7,137
91,2,144
91,3,144
91,4,144
91,5,144
91,0,150
91,1,150
91,2,150
91,3,150
91,0,151
91,1,151
91,2,151
91,3,151
91,4,151
91,5,151
91,0,157
91,1,157
91,2,157
91,3,157
91,0,158
91,1,158
91,2,158
91,3,158
91,4,158
91,5,158
91,6,158
91,7,158
91,0,164
91,1,164
91,2,164
91,3,164
91,4,164
91,5,164
91,6,164
91,7,164
91,0,165
91,1,165
91,2,165
91,3,165
92,6,30
92,7,30
92,0,31
92,1,31
92,2,31
92,3,31
92,4,31
92,5,31
92,6,31
92,7,31
92,4,37
92,5,37
92,6,37
92,7,37
92,0,38
92,1,38
92,2,38
92,3,38
92,4,38
92,5,38
92,6,38
92,7,38
92,0,39
92,1,39
92,2,39
92,3,39
92,4,44
92,5,44
92,2,45
92,3,45
92,6,45
92,7,45
92,4,46
92,5,46
92,6,46
92,7,46
92,0,47
92,1,47
92,6,53
92,7,53
92,0,54
92,1,54
92,2,54
92,3,54
92,4,58
92,5,58
92,6,58
92,7,58
92,2,61
92,3,61
92,2,65
92,3,65
92,4,65
92,5,65
92,6,65
92,7,65
92,2,72
92,3,72
92,4,72
92,5,72
92,6,72
92,7,72
92,0,79
92,1,79
92,2,79
92,3,79
92,4,79
92,5,79
92,6,79
92,7,79
92,0,86
92,1,86
92,2,86
92,3,86
92,4,86
92,5,86
92,6,86
92,7,86
92,0,87
92,1,87
92,4,87
92,5,87
92,6,87
92,7,87
92,2,93
92,3,93
92,4,93
92,5,93
92,6,93
92,7,93
92,0,94
92,1,94
92,2,94
92,3,94
92,4,94
92,5,94
92,6,94
92,7,94
92,0,95
92,1,95
92,0,100
92,1,100
92,2,100
92,3,100
92,4,100
92,5,100
92,6,100
92,7,100
92,0,101
92,1,101
92,2,101
92,3,101
92,6,101
92,7,101
92,0,102
92,1,102
92,2,102
92,3,102
92,4,102
92,5,102
92,6,106
92,7,106
92,0,107
92,1,107
92,2,107
92,3,107
92,4,107
92,5,107
92,6,107
92,7,107
92,0,108
92,1,108
92,2,109
92,3,109
92,4,109
92,5,109
92,0,114
92,1,114
92,2,114
92,3,114
92,4,114
92,5,114
92,6,114
92,7,114
92,0,116
92,1,116
92,2,116
92,3,116
92,4,116
92,5,116
92,2,121
92,3,121
92,4,121
92,5,121
92,4,123
92,5,123
92,4,130
92,5,130
92,4,135
92,5,135
92,4,137
92,5,137
92,6,137
92,7,137
92,4,142
92,5,142
92,6,142
92,7,142
92,2,144
92,3,144
92,4,144
92,5,144
92,6,144
92,7,144
92,0,150
92,1,150
92,2,151
92,3,151
92,4,151
92,5,151
92,0,157
92,1,157
92,2,157
92,3,157
92,4,157
92,5,157
92,0,158
92,1,158
92,2,158
92,3,158
92,4,158
92,5,158
92,2,164
92,3,164
92,4,164
92,5,164
92,6,164
92,7,164
92,0,165
92,1,165
92,2,165
92,3,165
93,2,31
93,3,31
93,4,37
93,5,37
93,6,37
93,7,37
93,0,38
93,1,38
93,2,38
93,3,38
93,4,38
93,5,38
93,6,38
93,7,38
93,0,39
93,1,39
93,2,39
93,3,39
93,4,39
93,5,39
93,4,44
93,5,44
93,0,46
93,1,46
93,4,46
93,5,46
93,6,46
93,7,46
93,6,53
93,7,53
93,0,54
93,1,54
93,2,54
93,3,54
93,4,58
93,5,58
93,6,58
93,7,58
93,0,61
93,1,61
93,2,61
93,3,61
93,2,65
93,3,65
93,4,65
93,5,65
93,6,65
93,7,65
93,4,72
93,5,72
93,2,79
93,3,79
93,4,79
93,5,79
93,6,79
93,7,79
93,0,86
93,1,86
93,2,86
93,3,86
93,4,86
93,5,86
93,6,86
93,7,86
93,0,87
93,1,87
93,2,87
93,3,87
93,4,87
93,5,87
93,2,93
93,3,93
93,4,93
93,5,93
93,6,93
93,7,93
93,0,94
93,1,94
93,2,94
93,3,94
93,4,94
93,5,94
93,6,94
93,7,94
93,0,95
93,1,95
93,2,95
93,3,95
93,0,100
93,1,100
93,2,100
93,3,100
93,4,100
93,5,100
93,6,100
93,7,100
93,0,101
93,1,101
93,2,101
93,3,101
93,6,101
93,7,101
93,0,102
93,1,102
93,2,107
93,3,107
93,4,107
93,5,107
93,6,107
93,7,107
93,0,108
93,1,108
93,2,108
93,3,108
93,0,109
93,1,109
93,2,109
93,3,109
93,4,109
93,5,109
93,0,114
93,1,114
93,2,114
93,3,114
93,4,114
93,5,114
93,0,115
93,1,115
93,2,116
93,3,116
93,4,116
93,5,116
93,0,121
93,1,121
93,2,121
93,3,121
93,4,121
93,5,121
93,2,123
93,3,123
93,4,123
93,5,123
93,6,123
93,7,123
93,4,130
93,5,130
93,2,137
93,3,137
93,4,137
93,5,137
93,6,137
93,7,137
93,6,142
93,7,142
93,2,144
93,3,144
93,4,144
93,5,144
93,6,144
93,7,144
93,6,149
93,7,149
93,2,151
93,3,151
93,4,151
93,5,151
93,6,151
93,7,151
93,0,157
93,1,157
93,2,157
93,3,157
93,4,157
93,5,157
93,0,158
93,1,158
93,2,158
93,3,158
93,4,158
93,5,158
93,6,158
93,7,158
93,0,164
93,1,164
93,2,164
93,3,164
93,4,164
93,5,164
93,6,164
93,7,164
93,0,165
93,1,165
93,2,165
93,3,165
94,0,31
94,1,31
94,2,31
94,3,31
94,4,31
94,5,31
94,6,31
94,7,31
94,0,32
94,1,32
94,6,37
94,7,37
94,0,38
94,1,38
94,2,38
94,3,38
94,4,38
94,5,38
94,6,38
94,7,38
94,0,39
94,1,39
94,2,39
94,3,39
94,4,39
94,5,39
94,6,44
94,7,44
94,4,45
94,5,45
94,6,45
94,7,45
94,2,46
94,3,46
94,4,46
94,5,46
94,6,46
94,7,46
94,2,51
94,3,51
94,4,51
94,5,51
94,6,53
94,7,53
94,0,54
94,1,54
94,2,54
94,3,54
94,4,58
94,5,58
94,6,58
94,7,58
94,6,60
94,7,60
94,2,61
94,3,61
94,4,65
94,5,65
94,6,65
94,7,65
94,2,72
94,3,72
94,4,72
94,5,72
94,6,72
94,7,72
94,2,79
94,3,79
94,4,79
94,5,79
94,6,79
94,7,79
94,2,86
94,3,86
94,4,86
94,5,86
94,6,86
94,7,86
94,0,87
94,1,87
94,4,87
94,5,87
94,2,93
94,3,93
94,4,93
94,5,93
94,6,93
94,7,93
94,0,94
94,1,94
94,2,94
94,3,94
94,4,94
94,5,94
94,6,94
94,7,94
94,0,95
94,1,95
94,2,95
94,3,95
94,0,100
94,1,100
94,2,100
94,3,100
94,4,100
94,5,100
94,6,100
94,7,100
94,0,101
94,1,101
94,2,101
94,3,101
94,4,101
94,5,101
94,0,102
94,1,102
94,2,102
94,3,102
94,6,106
94,7,106
94,0,107
94,1,107
94,2,107
94,3,107
94,4,107
94,5,107
94,6,107
94,7,107
94,0,108
94,1,108
94,0,109
94,1,109
94,2,109
94,3,109
94,4,109
94,5,109
94,6,113
94,7,113
94,0,114
94,1,114
94,2,114
94,3,114
94,4,114
94,5,114
94,6,114
94,7,114
94,4,116
94,5,116
94,0,121
94,1,121
94,4,121
94,5,121
94,2,123
94,3,123
94,4,123
94,5,123
94,4,130
94,5,130
94,6,130
94,7,130
94,2,137
94,3,137
94,4,137
94,5,137
94,6,142
94,7,142
94,2,144
94,3,144
94,4,144
94,5,144
94,6,149
94,7,149
94,2,151
94,3,151
94,4,151
94,5,151
94,6,151
94,7,151
94,0,157
94,1,157
94,2,157
94,3,157
94,6,157
94,7,157
94,0,158
94,1,158
94,2,158
94,3,158
94,4,158
94,5,158
94,6,158
94,7,158
94,4,164
94,5,164
94,6,164
94,7,164
94,0,165
94,1,165
94,2,165
94,3,165
94,4,165
94,5,165
95,2,31
95,3,31
95,6,31
95,7,31
95,0,32
95,1,32
95,4,37
95,5,37
95,6,37
95,7,37
95,0,38
95,1,38
95,2,38
95,3,38
95,4,38
95,5,38
95,6,38
95,7,38
95,0,39
95,1,39
95,4,39
95,5,39
95,6,45
95,7,45
95,0,46
95,1,46
95,2,46
95,3,46
95,4,46
95,5,46
95,6,46
95,7,46
95,4,51
95,5,51
95,6,53
95,7,53
95,0,54
95,1,54
95,4,58
95,5,58
95,6,58
95,7,58
95,6,60
95,7,60
95,2,61
95,3,61
95,4,65
95,5,65
95,6,65
95,7,65
95,0,66
95,1,66
95,4,72
95,5,72
95,6,72
95,7,72
95,2,79
95,3,79
95,4,79
95,5,79
95,6,79
95,7,79
95,0,86
95,1,86
95,2,86
95,3,86
95,4,86
95,5,86
95,6,86
95,7,86
95,2,87
95,3,87
95,4,87
95,5,87
95,0,93
95,1,93
95,2,93
95,3,93
95,4,93
95,5,93
95,6,93
95,7,93
95,0,94
95,1,94
95,2,94
95,3,94
95,4,94
95,5,94
95,6,94
95,7,94
95,0,95
95,1,95
95,0,100
95,1,100
95,2,100
95,3,100
95,4,100
95,5,100
95,6,100
95,7,100
95,0,101
95,1,101
95,2,101
95,3,101
95,4,101
95,5,101
95,0,102
95,1,102
95,2,102
95,3,102
95,0,107
95,1,107
95,2,107
95,3,107
95,4,107
95,5,107
95,6,107
95,7,107
95,0,108
95,1,108
95,2,108
95,3,108
95,0,109
95,1,109
95,2,109
95,3,109
95,4,109
95,5,109
95,2,114
95,3,114
95,4,114
95,5,114
95,6,114
95,7,114
95,0,116
95,1,116
95,2,116
95,3,116
95,4,116
95,5,116
95,2,121
95,3,121
95,4,121
95,5,121
95,2,123
95,3,123
95,4,123
95,5,123
95,4,128
95,5,128
95,2,130
95,3,130
95,4,130
95,5,130
95,4,135
95,5,135
95,2,137
95,3,137
95,4,137
95,5,137
95,6,137
95,7,137
95,0,143
95,1,143
95,0,150
95,1,150
95,2,150
95,3,150
95,2,151
95,3,151
95,4,151
95,5,151
95,0,157
95,1,157
95,2,157
95,3,157
95,0,158
95,1,158
95,2,158
95,3,158
95,4,158
95,5,158
95,0,164
95,1,164
95,2,164
95,3,164
95,4,164
95,5,164
95,6,164
95,7,164
95,0,165
95,1,165
95,2,165
95,3,165
96,6,30
96,7,30
96,0,31
96,1,31
96,2,31
96,3,31
96,4,31
96,5,31
96,4,37
96,5,37
96,6,37
96,7,37
96,0,38
96,1,38
96,2,38
96,3,38
96,4,38
96,5,38
96,6,38
96,7,38
96,0,39
96,1,39
96,2,39
96,3,39
96,4,39
96,5,39
96,6,39
96,7,39
96,4,44
96,5,44
96,6,44
96,7,44
96,6,45
96,7,45
96,0,46
96,1,46
96,2,46
96,3,46
96,4,46
96,5,46
96,6,46
96,7,46
96,4,51
96,5,51
96,4,53
96,5,53
96,6,53
96,7,53
96,0,54
96,1,54
96,2,54
96,3,54
96,2,58
96,3,58
96,4,58
96,5,58
96,6,58
96,7,58
96,2,61
96,3,61
96,4,61
96,5,61
96,2,65
96,3,65
96,4,65
96,5,65
96,6,65
96,7,65
96,2,72
96,3,72
96,4,72
96,5,72
96,6,72
96,7,72
96,2,79
96,3,79
96,4,79
96,5,79
96,6,79
96,7,79
96,0,86
96,1,86
96,2,86
96,3,86
96,4,86
96,5,86
96,6,86
96,7,86
96,2,87
96,3,87
96,4,87
96,5,87
96,6,87
96,7,87
96,2,93
96,3,93
96,4,93
96,5,93
96,6,93
96,7,93
96,0,94
96,1,94
96,2,94
96,3,94
96,4,94
96,5,94
96,6,94
96,7,94
96,0,95
96,1,95
96,0,100
96,1,100
96,2,100
96,3,100
96,4,100
96,5,100
96,6,100
96,7,100
96,0,101
96,1,101
96,2,101
96,3,101
96,6,101
96,7,101
96,0,102
96,1,102
96,2,102
96,3,102
96,2,107
96,3,107
96,4,107
96,5,107
96,6,107
96,7,107
96,0,108
96,1,108
96,2,108
96,3,108
96,0,109
96,1,109
96,2,109
96,3,109
96,4,109
96,5,109
96,6,113
96,7,113
96,0,114
96,1,114
96,2,114
96,3,114
96,4,114
96,5,114
96,2,116
96,3,116
96,4,116
96,5,116
96,6,116
96,7,116
96,4,121
96,5,121
96,2,123
96,3,123
96,4,123
96,5,123
96,4,130
96,5,130
96,4,135
96,5,135
96,2,137
96,3,137
96,4,137
96,5,137
96,6,137
96,7,137
96,6,142
96,7,142
96,4,144
96,5,144
96,6,144
96,7,144
96,0,150
96,1,150
96,2,150
96,3,150
96,0,151
96,1,151
96,2,151
96,3,151
96,4,151
96,5,151
96,6,151
96,7,151
96,0,157
96,1,157
96,2,157
96,3,157
96,4,157
96,5,157
96,6,157
96,7,157
96,0,158
96,1,158
96,2,158
96,3,158
96,4,158
96,5,158
96,0,164
96,1,164
96,2,164
96,3,164
96,4,164
96,5,164
96,6,164
96,7,164
96,0,165
96,1,165
96,2,165
96,3,165
96,4,165
96,5,165
97,0,31
97,1,31
97,2,31
97,3,31
97,6,37
97,7,37
97,0,38
97,1,38
97,2,38
97,3,38
97,4,38
97,5,38
97,6,38
97,7,38
97,0,39
97,1,39
97,4,39
97,5,39
97,4,44
97,5,44
97,0,46
97,1,46
97,2,46
97,3,46
97,4,46
97,5,46
97,6,46
97,7,46
97,4,51
97,5,51
97,4,53
97,5,53
97,6,53
97,7,53
97,0,54
97,1,54
97,2,54
97,3,54
97,4,58
97,5,58
97,2,61
97,3,61
97,2,65
97,3,65
97,4,65
97,5,65
97,6,65
97,7,65
97,4,72
97,5,72
97,2,79
97,3,79
97,4,79
97,5,79
97,0,86
97,1,86
97,2,86
97,3,86
97,4,86
97,5,86
97,6,86
97,7,86
97,2,87
97,3,87
97,4,87
97,5,87
97,0,88
97,1,88
97,2,93
97,3,93
97,4,93
97,5,93
97,6,93
97,7,93
97,0,94
97,1,94
97,2,94
97,3,94
97,4,94
97,5,94
97,6,94
97,7,94
97,0,95
97,1,95
97,0,100
97,1,100
97,2,100
97,3,100
97,4,100
97,5,100
97,6,100
97,7,100
97,0,101
97,1,101
97,2,101
97,3,101
97,6,101
97,7,101
97,0,102
97,1,102
97,2,102
97,3,102
97,2,107
97,3,107
97,4,107
97,5,107
97,6,107
97,7,107
97,0,108
97,1,108
97,2,108
97,3,108
97,2,109
97,3,109
97,4,109
97,5,109
97,0,114
97,1,114
97,2,114
97,3,114
97,4,114
97,5,114
97,6,114
97,7,114
97,0,116
97,1,116
97,2,116
97,3,116
97,4,116
97,5,116
97,6,116
97,7,116
97,2,121
97,3,121
97,4,121
97,5,121
97,2,123
97,3,123
97,4,123
97,5,123
97,2,130
97,3,130
97,4,130
97,5,130
97,6,130
97,7,130
97,4,135
97,5,135
97,2,137
97,3,137
97,4,137
97,5,137
97,6,142
97,7,142
97,2,144
97,3,144
97,4,144
97,5,144
97,6,144
97,7,144
97,4,149
97,5,149
97,0,150
97,1,150
97,2,151
97,3,151
97,4,151
97,5,151
97,6,151
97,7,151
97,2,157
97,3,157
97,0,158
97,1,158
97,2,158
97,3,158
97,4,158
97,5,158
97,6,158
97,7,158
97,4,164
97,5,164
97,6,164
97,7,164
97,0,165
97,1,165
97,2,165
97,3,165
97,4,165
97,5,165
98,6,30
98,7,30
98,0,31
98,1,31
98,2,31
98,3,31
98,4,37
98,5,37
98,6,37
98,7,37
98,2,38
98,3,38
98,4,38
98,5,38
98,6,38
98,7,38
98,0,39
98,1,39
98,2,39
98,3,39
98,4,45
98,5,45
98,4,46
98,5,46
98,6,46
98,7,46
98,0,47
98,1,47
98,4,51
98,5,51
98,4,53
98,5,53
98,6,53
98,7,53
98,2,54
98,3,54
98,4,58
98,5,58
98,6,58
98,7,58
98,2,61
98,3,61
98,4,65
98,5,65
98,6,65
98,7,65
98,4,72
98,5,72
98,2,79
98,3,79
98,4,79
98,5,79
98,2,86
98,3,86
98,4,86
98,5,86
98,6,86
98,7,86
98,2,87
98,3,87
98,4,87
98,5,87
98,2,93
98,3,93
98,4,93
98,5,93
98,6,93
98,7,93
98,0,94
98,1,94
98,2,94
98,3,94
98,4,94
98,5,94
98,6,94
98,7,94
98,0,95
98,1,95
98,0,100
98,1,100
98,2,100
98,3,100
98,4,100
98,5,100
98,6,100
98,7,100
98,0,101
98,1,101
98,2,101
98,3,101
98,4,101
98,5,101
98,0,102
98,1,102
98,2,102
98,3,102
98,0,107
98,1,107
98,2,107
98,3,107
98,4,107
98,5,107
98,6,107
98,7,107
98,0,108
98,1,108
98,0,109
98,1,109
98,2,109
98,3,109
98,4,109
98,5,109
98,0,114
98,1,114
98,2,114
98,3,114
98,4,114
98,5,114
98,6,114
98,7,114
98,2,116
98,3,116
98,4,116
98,5,116
98,2,121
98,3,121
98,4,121
98,5,121
98,2,123
98,3,123
98,4,123
98,5,123
98,4,128
98,5,128
98,2,130
98,3,130
98,4,130
98,5,130
98,6,130
98,7,130
98,4,135
98,5,135
98,2,137
98,3,137
98,4,137
98,5,137
98,6,137
98,7,137
98,6,142
98,7,142
98,4,144
98,5,144
98,6,144
98,7,144
98,0,150
98,1,150
98,2,150
98,3,150
98,0,151
98,1,151
98,2,151
98,3,151
98,4,151
98,5,151
98,6,151
98,7,151
98,0,157
98,1,157
98,2,157
98,3,157
98,6,157
98,7,157
98,0,158
98,1,158
98,2,158
98,3,158
98,4,158
98,5,158
98,6,158
98,7,158
98,0,164
98,1,164
98,2,164
98,3,164
98,4,164
98,5,164
98,6,164
98,7,164
98,0,165
98,1,165
98,2,165
98,3,165
99,4,31
99,5,31
99,6,31
99,7,31
99,4,37
99,5,37
99,6,37
99,7,37
99,0,38
99,1,38
99,2,38
99,3,38
99,4,38
99,5,38
99,6,38
99,7,38
99,0,39
99,1,39
99,4,39
99,5,39
99,4,44
99,5,44
99,2,45
99,3,45
99,4,46
99,5,46
99,6,46
99,7,46
99,4,53
99,5,53
99,6,53
99,7,53
99,0,54
99,1,54
99,2,54
99,3,54
99,4,58
99,5,58
99,6,58
99,7,58
99,0,61
99,1,61
99,2,61
99,3,61
99,2,65
99,3,65
99,4,65
99,5,65
99,6,65
99,7,65
99,2,72
99,3,72
99,4,72
99,5,72
99,2,79
99,3,79
99,4,79
99,5,79
99,6,79
99,7,79
99,2,86
99,3,86
99,4,86
99,5,86
99,6,86
99,7,86
99,0,87
99,1,87
99,2,87
99,3,87
99,4,87
99,5,87
99,6,87
99,7,87
99,0,88
99,1,88
99,0,93
99,1,93
99,2,93
99,3,93
99,6,93
99,7,93
99,0,94
99,1,94
99,2,94
99,3,94
99,4,94
99,5,94
99,6,94
99,7,94
99,0,95
99,1,95
99,0,100
99,1,100
99,2,100
99,3,100
99,4,100
99,5,100
99,6,100
99,7,100
99,0,101
99,1,101
99,2,101
99,3,101
99,4,101
99,5,101
99,6,101
99,7,101
99,0,102
99,1,102
99,2,102
99,3,102
99,0,107
99,1,107
99,2,107
99,3,107
99,4,107
99,5,107
99,6,107
99,7,107
99,0,108
99,1,108
99,2,108
99,3,108
99,0,109
99,1,109
99,2,109
99,3,109
99,4,109
99,5,109
99,0,114
99,1,114
99,2,114
99,3,114
99,4,114
99,5,114
99,6,114
99,7,114
99,2,116
99,3,116
99,4,116
99,5,116
99,6,116
99,7,116
99,2,121
99,3,121
99,4,121
99,5,121
99,2,123
99,3,123
99,4,123
99,5,123
99,6,123
99,7,123
99,4,130
99,5,130
99,6,130
99,7,130
99,2,137
99,3,137
99,4,137
99,5,137
99,6,137
99,7,137
99,6,142
99,7,142
99,2,144
99,3,144
99,4,144
99,5,144
99,6,144
99,7,144
99,6,149
99,7,149
99,0,150
99,1,150
99,2,151
99,3,151
99,4,151
99,5,151
99,0,157
99,1,157
99,2,157
99,3,157
99,6,157
99,7,157
99,0,158
99,1,158
99,2,158
99,3,158
99,4,158
99,5,158
99,2,164
99,3,164
99,4,164
99,5,164
99,6,164
99,7,164
99,0,165
99,1,165
99,2,165
99,3,165
99,4,165
99,5,165
