0,6,30
0,7,30
0,2,37
0,3,37
0,4,37
0,5,37
0,6,37
0,7,37
0,0,38
0,1,38
0,4,44
0,5,44
0,6,44
0,7,44
0,6,51
0,7,51
0,0,52
0,1,52
0,6,58
0,7,58
0,0,59
0,1,59
0,0,66
0,1,66
0,2,66
0,3,66
0,4,66
0,5,66
0,6,72
0,7,72
0,0,73
0,1,73
0,2,73
0,3,73
0,4,73
0,5,73
0,0,80
0,1,80
0,2,80
0,3,80
0,4,80
0,5,80
0,0,87
0,1,87
0,2,87
0,3,87
0,4,87
0,5,87
0,6,87
0,7,87
0,0,94
0,1,94
0,2,94
0,3,94
0,4,94
0,5,94
0,2,101
0,3,101
0,4,101
0,5,101
0,6,101
0,7,101
0,4,108
0,5,108
0,6,108
0,7,108
0,0,109
0,1,109
0,4,115
0,5,115
0,6,115
0,7,115
0,0,116
0,1,116
0,4,122
0,5,122
0,6,122
0,7,122
0,0,123
0,1,123
0,6,129
0,7,129
0,0,130
0,1,130
0,6,136
0,7,136
0,0,137
0,1,137
0,2,137
0,3,137
0,6,143
0,7,143
0,0,144
0,1,144
0,2,144
0,3,144
0,6,150
0,7,150
0,0,151
0,1,151
0,2,151
0,3,151
0,0,158
0,1,158
0,2,158
0,3,158
0,4,158
0,5,158
0,2,165
0,3,165
0,4,165
0,5,165
1,4,30
1,5,30
1,4,37
1,5,37
1,6,37
1,7,37
1,4,44
1,5,44
1,6,44
1,7,44
1,6,51
1,7,51
1,0,52
1,1,52
1,2,52
1,3,52
1,6,58
1,7,58
1,0,59
1,1,59
1,2,59
1,3,59
1,0,66
1,1,66
1,2,66
1,3,66
1,0,73
1,1,73
1,2,73
1,3,73
1,0,80
1,1,80
1,2,80
1,3,80
1,4,80
1,5,80
1,0,87
1,1,87
1,2,87
1,3,87
1,4,87
1,5,87
1,2,94
1,3,94
1,4,94
1,5,94
1,6,94
1,7,94
1,4,101
1,5,101
1,6,101
1,7,101
1,4,108
1,5,108
1,6,108
1,7,108
1,0,109
1,1,109
1,4,115
1,5,115
1,6,115
1,7,115
1,0,116
1,1,116
1,6,122
1,7,122
1,0,123
1,1,123
1,6,129
1,7,129
1,0,130
1,1,130
1,6,136
1,7,136
1,0,137
1,1,137
1,6,143
1,7,143
1,0,144
1,1,144
1,2,144
1,3,144
1,0,151
1,1,151
1,2,151
1,3,151
1,6,157
1,7,157
1,0,158
1,1,158
1,2,158
1,3,158
1,2,165
1,3,165
2,4,30
2,5,30
2,6,30
2,7,30
2,4,37
2,5,37
2,6,37
2,7,37
2,4,44
2,5,44
2,6,44
2,7,44
2,0,45
2,1,45
2,6,51
2,7,51
2,0,52
2,1,52
2,6,58
2,7,58
2,0,59
2,1,59
2,2,59
2,3,59
2,6,65
2,7,65
2,0,66
2,1,66
2,2,66
2,3,66
2,0,73
2,1,73
2,2,73
2,3,73
2,4,73
2,5,73
2,0,80
2,1,80
2,2,80
2,3,80
2,4,80
2,5,80
2,0,87
2,1,87
2,2,87
2,3,87
2,4,87
2,5,87
2,6,87
2,7,87
2,2,94
2,3,94
2,4,94
2,5,94
2,6,94
2,7,94
2,2,101
2,3,101
2,4,101
2,5,101
2,6,101
2,7,101
2,4,108
2,5,108
2,6,108
2,7,108
2,0,109
2,1,109
2,4,115
2,5,115
2,6,115
2,7,115
2,0,116
2,1,116
2,4,122
2,5,122
2,6,122
2,7,122
2,0,123
2,1,123
2,6,129
2,7,129
2,0,130
2,1,130
2,6,136
2,7,136
2,0,137
2,1,137
2,2,137
2,3,137
2,0,144
2,1,144
2,2,144
2,3,144
2,0,151
2,1,151
2,2,151
2,3,151
2,0,158
2,1,158
2,2,165
2,3,165
3,4,30
3,5,30
3,4,37
3,5,37
3,6,37
3,7,37
3,0,38
3,1,38
3,4,44
3,5,44
3,6,44
3,7,44
3,4,51
3,5,51
3,6,51
3,7,51
3,0,52
3,1,52
3,6,58
3,7,58
3,0,59
3,1,59
3,2,59
3,3,59
3,6,65
3,7,65
3,0,66
3,1,66
3,2,66
3,3,66
3,0,73
3,1,73
3,2,73
3,3,73
3,4,73
3,5,73
3,0,80
3,1,80
3,2,80
3,3,80
3,4,80
3,5,80
3,0,87
3,1,87
3,2,87
3,3,87
3,4,87
3,5,87
3,6,87
3,7,87
3,2,94
3,3,94
3,4,94
3,5,94
3,4,101
3,5,101
3,6,101
3,7,101
3,0,102
3,1,102
3,4,108
3,5,108
3,6,108
3,7,108
3,0,109
3,1,109
3,4,115
3,5,115
3,6,115
3,7,115
3,6,122
3,7,122
3,0,123
3,1,123
3,2,123
3,3,123
3,6,129
3,7,129
3,0,130
3,1,130
3,4,136
3,5,136
3,6,136
3,7,136
3,0,137
3,1,137
3,6,143
3,7,143
3,0,144
3,1,144
3,0,151
3,1,151
3,2,151
3,3,151
3,6,157
3,7,157
3,0,158
3,1,158
3,2,158
3,3,158
3,4,158
3,5,158
3,2,165
3,3,165
3,4,165
3,5,165
4,4,30
4,5,30
4,4,37
4,5,37
4,6,37
4,7,37
4,4,44
4,5,44
4,6,44
4,7,44
4,0,45
4,1,45
4,6,51
4,7,51
4,0,52
4,1,52
4,4,58
4,5,58
4,6,58
4,7,58
4,0,59
4,1,59
4,6,65
4,7,65
4,0,66
4,1,66
4,2,66
4,3,66
4,0,73
4,1,73
4,2,73
4,3,73
4,4,73
4,5,73
4,0,80
4,1,80
4,4,80
4,5,80
4,2,87
4,3,87
4,4,87
4,5,87
4,0,94
4,1,94
4,2,94
4,3,94
4,4,94
4,5,94
4,2,101
4,3,101
4,4,101
4,5,101
4,6,101
4,7,101
4,0,102
4,1,102
4,4,108
4,5,108
4,6,108
4,7,108
4,0,109
4,1,109
4,4,115
4,5,115
4,6,115
4,7,115
4,0,116
4,1,116
4,6,122
4,7,122
4,0,123
4,1,123
4,6,129
4,7,129
4,0,130
4,1,130
4,2,130
4,3,130
4,6,136
4,7,136
4,0,137
4,1,137
4,2,137
4,3,137
4,6,143
4,7,143
4,0,144
4,1,144
4,6,150
4,7,150
4,0,151
4,1,151
4,2,151
4,3,151
4,0,158
4,1,158
4,2,158
4,3,158
4,0,165
4,1,165
5,4,30
5,5,30
5,6,30
5,7,30
5,2,37
5,3,37
5,4,37
5,5,37
5,6,37
5,7,37
5,0,38
5,1,38
5,4,44
5,5,44
5,6,44
5,7,44
5,6,51
5,7,51
5,0,52
5,1,52
5,0,59
5,1,59
5,4,65
5,5,65
5,6,65
5,7,65
5,0,66
5,1,66
5,2,66
5,3,66
5,0,73
5,1,73
5,2,73
5,3,73
5,0,80
5,1,80
5,2,80
5,3,80
5,4,80
5,5,80
5,0,87
5,1,87
5,2,87
5,3,87
5,4,87
5,5,87
5,6,87
5,7,87
5,2,94
5,3,94
5,4,94
5,5,94
5,6,94
5,7,94
5,2,101
5,3,101
5,4,101
5,5,101
5,6,101
5,7,101
5,0,102
5,1,102
5,4,108
5,5,108
5,6,108
5,7,108
5,4,115
5,5,115
5,6,115
5,7,115
5,0,116
5,1,116
5,6,122
5,7,122
5,0,123
5,1,123
5,6,129
5,7,129
5,0,130
5,1,130
5,2,130
5,3,130
5,6,136
5,7,136
5,0,137
5,1,137
5,6,143
5,7,143
5,0,144
5,1,144
5,2,144
5,3,144
5,6,150
5,7,150
5,0,151
5,1,151
5,2,151
5,3,151
5,0,158
5,1,158
5,2,158
5,3,158
5,2,165
5,3,165
6,4,30
6,5,30
6,2,37
6,3,37
6,4,37
6,5,37
6,6,37
6,7,37
6,4,44
6,5,44
6,6,44
6,7,44
6,4,51
6,5,51
6,6,51
6,7,51
6,0,52
6,1,52
6,6,58
6,7,58
6,0,59
6,1,59
6,6,65
6,7,65
6,0,66
6,1,66
6,2,66
6,3,66
6,4,66
6,5,66
6,2,73
6,3,73
6,0,80
6,1,80
6,2,80
6,3,80
6,4,80
6,5,80
6,2,87
6,3,87
6,4,87
6,5,87
6,0,94
6,1,94
6,2,94
6,3,94
6,4,94
6,5,94
6,6,94
6,7,94
6,4,101
6,5,101
6,6,101
6,7,101
6,2,108
6,3,108
6,4,108
6,5,108
6,6,108
6,7,108
6,4,115
6,5,115
6,6,115
6,7,115
6,0,116
6,1,116
6,4,122
6,5,122
6,6,122
6,7,122
6,0,123
6,1,123
6,6,129
6,7,129
6,0,130
6,1,130
6,6,136
6,7,136
6,0,137
6,1,137
6,2,137
6,3,137
6,6,143
6,7,143
6,0,144
6,1,144
6,2,144
6,3,144
6,6,150
6,7,150
6,0,151
6,1,151
6,2,151
6,3,151
6,0,158
6,1,158
6,2,158
6,3,158
6,0,165
6,1,165
6,2,165
6,3,165
7,4,37
7,5,37
7,6,37
7,7,37
7,4,44
7,5,44
7,6,44
7,7,44
7,0,45
7,1,45
7,6,51
7,7,51
7,0,52
7,1,52
7,2,52
7,3,52
7,6,58
7,7,58
7,0,59
7,1,59
7,6,65
7,7,65
7,0,66
7,1,66
7,2,66
7,3,66
7,6,72
7,7,72
7,0,73
7,1,73
7,2,73
7,3,73
7,0,80
7,1,80
7,2,80
7,3,80
7,4,80
7,5,80
7,2,87
7,3,87
7,4,87
7,5,87
7,2,94
7,3,94
7,4,94
7,5,94
7,6,94
7,7,94
7,2,101
7,3,101
7,4,101
7,5,101
7,6,101
7,7,101
7,4,108
7,5,108
7,6,108
7,7,108
7,4,115
7,5,115
7,6,115
7,7,115
7,6,122
7,7,122
7,0,123
7,1,123
7,6,129
7,7,129
7,0,130
7,1,130
7,6,136
7,7,136
7,0,137
7,1,137
7,6,143
7,7,143
7,0,144
7,1,144
7,2,144
7,3,144
7,0,151
7,1,151
7,2,151
7,3,151
7,6,157
7,7,157
7,0,158
7,1,158
7,2,158
7,3,158
7,4,158
7,5,158
7,0,165
7,1,165
7,2,165
7,3,165
7,4,165
7,5,165
8,4,30
8,5,30
8,4,37
8,5,37
8,6,37
8,7,37
8,0,38
8,1,38
8,4,44
8,5,44
8,6,44
8,7,44
8,6,51
8,7,51
8,0,52
8,1,52
8,2,52
8,3,52
8,6,58
8,7,58
8,0,59
8,1,59
8,2,59
8,3,59
8,6,65
8,7,65
8,0,66
8,1,66
8,2,66
8,3,66
8,0,73
8,1,73
8,2,73
8,3,73
8,4,73
8,5,73
8,2,80
8,3,80
8,4,80
8,5,80
8,0,87
8,1,87
8,2,87
8,3,87
8,4,87
8,5,87
8,6,87
8,7,87
8,2,94
8,3,94
8,4,94
8,5,94
8,6,94
8,7,94
8,2,101
8,3,101
8,4,101
8,5,101
8,6,101
8,7,101
8,0,102
8,1,102
8,4,108
8,5,108
8,6,108
8,7,108
8,0,109
8,1,109
8,4,115
8,5,115
8,6,115
8,7,115
8,4,122
8,5,122
8,6,122
8,7,122
8,0,123
8,1,123
8,6,129
8,7,129
8,0,130
8,1,130
8,6,136
8,7,136
8,0,137
8,1,137
8,6,143
8,7,143
8,0,144
8,1,144
8,2,144
8,3,144
8,0,151
8,1,151
8,2,151
8,3,151
8,0,158
8,1,158
8,2,158
8,3,158
8,0,165
8,1,165
8,2,165
8,3,165
8,4,165
8,5,165
9,4,30
9,5,30
9,4,37
9,5,37
9,6,37
9,7,37
9,4,44
9,5,44
9,6,44
9,7,44
9,0,45
9,1,45
9,6,51
9,7,51
9,0,52
9,1,52
9,6,58
9,7,58
9,0,59
9,1,59
9,2,59
9,3,59
9,0,66
9,1,66
9,2,66
9,3,66
9,0,73
9,1,73
9,2,73
9,3,73
9,0,80
9,1,80
9,2,80
9,3,80
9,4,80
9,5,80
9,2,87
9,3,87
9,4,87
9,5,87
9,2,94
9,3,94
9,4,94
9,5,94
9,6,94
9,7,94
9,2,101
9,3,101
9,4,101
9,5,101
9,6,101
9,7,101
9,4,108
9,5,108
9,6,108
9,7,108
9,4,115
9,5,115
9,6,115
9,7,115
9,0,116
9,1,116
9,4,122
9,5,122
9,6,122
9,7,122
9,0,123
9,1,123
9,6,129
9,7,129
9,0,130
9,1,130
9,6,136
9,7,136
9,0,137
9,1,137
9,2,137
9,3,137
9,6,143
9,7,143
9,0,144
9,1,144
9,2,144
9,3,144
9,0,151
9,1,151
9,2,151
9,3,151
9,0,158
9,1,158
9,2,158
9,3,158
9,4,158
9,5,158
9,0,165
9,1,165
9,2,165
9,3,165
9,4,165
9,5,165
10,4,30
10,5,30
10,2,37
10,3,37
10,4,37
10,5,37
10,6,37
10,7,37
10,0,38
10,1,38
10,6,44
10,7,44
10,6,51
10,7,51
10,0,52
10,1,52
10,6,58
10,7,58
10,0,59
10,1,59
10,2,59
10,3,59
10,6,65
10,7,65
10,0,66
10,1,66
10,2,66
10,3,66
10,0,73
10,1,73
10,2,73
10,3,73
10,4,73
10,5,73
10,0,80
10,1,80
10,2,80
10,3,80
10,2,87
10,3,87
10,4,87
10,5,87
10,2,94
10,3,94
10,4,94
10,5,94
10,2,101
10,3,101
10,4,101
10,5,101
10,6,101
10,7,101
10,0,102
10,1,102
10,4,108
10,5,108
10,6,108
10,7,108
10,4,115
10,5,115
10,6,115
10,7,115
10,6,122
10,7,122
10,0,123
10,1,123
10,6,129
10,7,129
10,0,130
10,1,130
10,6,136
10,7,136
10,0,137
10,1,137
10,2,137
10,3,137
10,6,143
10,7,143
10,0,144
10,1,144
10,2,144
10,3,144
10,6,150
10,7,150
10,0,151
10,1,151
10,2,151
10,3,151
10,0,158
10,1,158
10,2,158
10,3,158
10,4,158
10,5,158
10,2,165
10,3,165
11,4,30
11,5,30
11,4,37
11,5,37
11,4,44
11,5,44
11,6,44
11,7,44
11,0,45
11,1,45
11,4,51
11,5,51
11,6,51
11,7,51
11,0,52
11,1,52
11,2,52
11,3,52
11,6,58
11,7,58
11,0,59
11,1,59
11,6,65
11,7,65
11,0,66
11,1,66
11,2,66
11,3,66
11,0,73
11,1,73
11,2,73
11,3,73
11,4,73
11,5,73
11,0,80
11,1,80
11,2,80
11,3,80
11,4,80
11,5,80
11,2,87
11,3,87
11,4,87
11,5,87
11,2,94
11,3,94
11,4,94
11,5,94
11,2,101
11,3,101
11,4,101
11,5,101
11,6,101
11,7,101
11,0,102
11,1,102
11,2,108
11,3,108
11,4,108
11,5,108
11,6,108
11,7,108
11,0,109
11,1,109
11,4,115
11,5,115
11,6,115
11,7,115
11,6,122
11,7,122
11,6,129
11,7,129
11,0,130
11,1,130
11,2,130
11,3,130
11,6,136
11,7,136
11,0,137
11,1,137
11,2,137
11,3,137
11,0,144
11,1,144
11,2,144
11,3,144
11,6,150
11,7,150
11,0,151
11,1,151
11,2,151
11,3,151
11,6,157
11,7,157
11,0,158
11,1,158
11,2,158
11,3,158
11,4,158
11,5,158
12,4,30
12,5,30
12,2,37
12,3,37
12,4,37
12,5,37
12,6,37
12,7,37
12,4,44
12,5,44
12,6,44
12,7,44
12,6,51
12,7,51
12,0,52
12,1,52
12,6,58
12,7,58
12,0,59
12,1,59
12,2,59
12,3,59
12,6,65
12,7,65
12,0,66
12,1,66
12,2,66
12,3,66
12,0,73
12,1,73
12,2,73
12,3,73
12,4,73
12,5,73
12,0,80
12,1,80
12,2,80
12,3,80
12,4,80
12,5,80
12,0,87
12,1,87
12,2,87
12,3,87
12,4,87
12,5,87
12,0,94
12,1,94
12,2,94
12,3,94
12,4,94
12,5,94
12,2,101
12,3,101
12,4,101
12,5,101
12,6,101
12,7,101
12,0,102
12,1,102
12,4,108
12,5,108
12,6,108
12,7,108
12,0,109
12,1,109
12,4,115
12,5,115
12,6,115
12,7,115
12,0,116
12,1,116
12,6,122
12,7,122
12,0,123
12,1,123
12,4,129
12,5,129
12,6,129
12,7,129
12,0,130
12,1,130
12,6,136
12,7,136
12,0,137
12,1,137
12,2,137
12,3,137
12,0,144
12,1,144
12,2,144
12,3,144
12,6,150
12,7,150
12,0,151
12,1,151
12,2,151
12,3,151
12,0,158
12,1,158
12,2,158
12,3,158
12,0,165
12,1,165
12,2,165
12,3,165
12,4,165
12,5,165
13,6,30
13,7,30
13,4,37
13,5,37
13,6,37
13,7,37
13,4,44
13,5,44
13,6,44
13,7,44
13,6,51
13,7,51
13,0,52
13,1,52
13,6,58
13,7,58
13,0,59
13,1,59
13,2,59
13,3,59
13,6,65
13,7,65
13,0,66
13,1,66
13,2,66
13,3,66
13,0,73
13,1,73
13,2,73
13,3,73
13,4,73
13,5,73
13,0,80
13,1,80
13,2,80
13,3,80
13,4,80
13,5,80
13,0,87
13,1,87
13,2,87
13,3,87
13,4,87
13,5,87
13,2,94
13,3,94
13,4,94
13,5,94
13,6,94
13,7,94
13,4,101
13,5,101
13,6,101
13,7,101
13,4,108
13,5,108
13,6,108
13,7,108
13,0,109
13,1,109
13,4,115
13,5,115
13,6,115
13,7,115
13,6,122
13,7,122
13,0,123
13,1,123
13,6,129
13,7,129
13,0,130
13,1,130
13,6,136
13,7,136
13,0,137
13,1,137
13,2,137
13,3,137
13,6,143
13,7,143
13,0,144
13,1,144
13,2,144
13,3,144
13,0,151
13,1,151
13,2,151
13,3,151
13,0,158
13,1,158
13,2,158
13,3,158
13,4,158
13,5,158
13,0,165
13,1,165
14,4,30
14,5,30
14,6,30
14,7,30
14,4,37
14,5,37
14,6,37
14,7,37
14,4,44
14,5,44
14,6,44
14,7,44
14,0,45
14,1,45
14,6,51
14,7,51
14,0,52
14,1,52
14,6,58
14,7,58
14,0,59
14,1,59
14,2,59
14,3,59
14,6,65
14,7,65
14,0,66
14,1,66
14,2,66
14,3,66
14,4,66
14,5,66
14,6,72
14,7,72
14,0,73
14,1,73
14,2,73
14,3,73
14,4,73
14,5,73
14,2,80
14,3,80
14,4,80
14,5,80
14,2,87
14,3,87
14,4,87
14,5,87
14,2,94
14,3,94
14,4,94
14,5,94
14,6,94
14,7,94
14,2,101
14,3,101
14,4,101
14,5,101
14,6,101
14,7,101
14,0,102
14,1,102
14,4,108
14,5,108
14,6,108
14,7,108
14,4,115
14,5,115
14,6,115
14,7,115
14,0,116
14,1,116
14,6,122
14,7,122
14,6,129
14,7,129
14,0,130
14,1,130
14,2,130
14,3,130
14,6,136
14,7,136
14,0,137
14,1,137
14,6,143
14,7,143
14,0,144
14,1,144
14,0,151
14,1,151
14,2,151
14,3,151
14,0,158
14,1,158
14,2,158
14,3,158
14,2,165
14,3,165
15,4,30
15,5,30
15,6,30
15,7,30
15,4,37
15,5,37
15,6,37
15,7,37
15,4,44
15,5,44
15,6,44
15,7,44
15,6,51
15,7,51
15,0,52
15,1,52
15,2,52
15,3,52
15,6,58
15,7,58
15,0,59
15,1,59
15,2,59
15,3,59
15,0,66
15,1,66
15,2,66
15,3,66
15,6,72
15,7,72
15,2,73
15,3,73
15,4,73
15,5,73
15,0,80
15,1,80
15,2,80
15,3,80
15,4,80
15,5,80
15,0,87
15,1,87
15,2,87
15,3,87
15,4,87
15,5,87
15,2,94
15,3,94
15,4,94
15,5,94
15,6,94
15,7,94
15,4,101
15,5,101
15,6,101
15,7,101
15,0,102
15,1,102
15,4,108
15,5,108
15,6,108
15,7,108
15,0,109
15,1,109
15,4,115
15,5,115
15,6,115
15,7,115
15,4,122
15,5,122
15,6,122
15,7,122
15,0,123
15,1,123
15,2,123
15,3,123
15,6,129
15,7,129
15,0,130
15,1,130
15,6,136
15,7,136
15,0,137
15,1,137
15,0,144
15,1,144
15,2,144
15,3,144
15,0,151
15,1,151
15,2,151
15,3,151
15,2,158
15,3,158
15,2,165
15,3,165
16,4,30
16,5,30
16,4,37
16,5,37
16,6,37
16,7,37
16,4,44
16,5,44
16,6,44
16,7,44
16,4,51
16,5,51
16,6,51
16,7,51
16,0,52
16,1,52
16,6,58
16,7,58
16,0,59
16,1,59
16,2,59
16,3,59
16,6,65
16,7,65
16,0,66
16,1,66
16,2,66
16,3,66
16,6,72
16,7,72
16,0,73
16,1,73
16,2,73
16,3,73
16,4,73
16,5,73
16,2,80
16,3,80
16,4,80
16,5,80
16,0,87
16,1,87
16,2,87
16,3,87
16,6,87
16,7,87
16,0,94
16,1,94
16,2,94
16,3,94
16,4,94
16,5,94
16,2,101
16,3,101
16,4,101
16,5,101
16,6,101
16,7,101
16,4,108
16,5,108
16,6,108
16,7,108
16,0,109
16,1,109
16,4,115
16,5,115
16,6,115
16,7,115
16,0,116
16,1,116
16,4,122
16,5,122
16,6,122
16,7,122
16,0,123
16,1,123
16,4,129
16,5,129
16,6,129
16,7,129
16,0,130
16,1,130
16,6,136
16,7,136
16,0,137
16,1,137
16,2,137
16,3,137
16,6,143
16,7,143
16,0,144
16,1,144
16,6,150
16,7,150
16,0,151
16,1,151
16,2,151
16,3,151
16,2,158
16,3,158
16,2,165
16,3,165
16,4,165
16,5,165
17,2,30
17,3,30
17,6,30
17,7,30
17,4,37
17,5,37
17,6,37
17,7,37
17,4,44
17,5,44
17,6,44
17,7,44
17,0,45
17,1,45
17,6,51
17,7,51
17,0,52
17,1,52
17,2,52
17,3,52
17,6,58
17,7,58
17,0,59
17,1,59
17,6,65
17,7,65
17,0,66
17,1,66
17,2,66
17,3,66
17,0,73
17,1,73
17,2,73
17,3,73
17,0,80
17,1,80
17,2,80
17,3,80
17,4,80
17,5,80
17,2,87
17,3,87
17,2,94
17,3,94
17,4,94
17,5,94
17,4,101
17,5,101
17,6,101
17,7,101
17,0,102
17,1,102
17,4,108
17,5,108
17,6,108
17,7,108
17,0,109
17,1,109
17,4,115
17,5,115
17,6,115
17,7,115
17,0,116
17,1,116
17,6,122
17,7,122
17,0,123
17,1,123
17,6,129
17,7,129
17,0,130
17,1,130
17,6,136
17,7,136
17,0,137
17,1,137
17,2,137
17,3,137
17,6,143
17,7,143
17,0,144
17,1,144
17,2,144
17,3,144
17,6,150
17,7,150
17,0,151
17,1,151
17,2,151
17,3,151
17,6,157
17,7,157
17,0,158
17,1,158
17,2,165
17,3,165
18,4,30
18,5,30
18,6,30
18,7,30
18,4,37
18,5,37
18,0,38
18,1,38
18,4,44
18,5,44
18,6,44
18,7,44
18,6,51
18,7,51
18,0,52
18,1,52
18,2,52
18,3,52
18,6,58
18,7,58
18,0,59
18,1,59
18,2,59
18,3,59
18,0,66
18,1,66
18,2,66
18,3,66
18,0,73
18,1,73
18,2,73
18,3,73
18,4,73
18,5,73
18,0,80
18,1,80
18,2,80
18,3,80
18,4,80
18,5,80
18,0,87
18,1,87
18,2,87
18,3,87
18,4,87
18,5,87
18,2,94
18,3,94
18,4,94
18,5,94
18,2,101
18,3,101
18,4,101
18,5,101
18,6,101
18,7,101
18,4,108
18,5,108
18,6,108
18,7,108
18,4,115
18,5,115
18,6,115
18,7,115
18,0,116
18,1,116
18,6,122
18,7,122
18,0,123
18,1,123
18,6,129
18,7,129
18,0,130
18,1,130
18,6,136
18,7,136
18,6,143
18,7,143
18,0,144
18,1,144
18,2,144
18,3,144
18,6,150
18,7,150
18,0,151
18,1,151
18,2,151
18,3,151
18,6,157
18,7,157
18,0,158
18,1,158
18,2,158
18,3,158
18,0,165
18,1,165
18,4,165
18,5,165
19,4,30
19,5,30
19,4,37
19,5,37
19,4,44
19,5,44
19,6,44
19,7,44
19,0,45
19,1,45
19,6,51
19,7,51
19,0,52
19,1,52
19,6,58
19,7,58
19,0,59
19,1,59
19,2,59
19,3,59
19,6,65
19,7,65
19,0,66
19,1,66
19,2,66
19,3,66
19,0,73
19,1,73
19,2,73
19,3,73
19,4,73
19,5,73
19,0,87
19,1,87
19,2,87
19,3,87
19,4,87
19,5,87
19,6,87
19,7,87
19,2,94
19,3,94
19,4,94
19,5,94
19,6,94
19,7,94
19,4,101
19,5,101
19,6,101
19,7,101
19,4,108
19,5,108
19,6,108
19,7,108
19,0,109
19,1,109
19,4,115
19,5,115
19,6,115
19,7,115
19,6,122
19,7,122
19,0,123
19,1,123
19,2,123
19,3,123
19,6,129
19,7,129
19,4,136
19,5,136
19,6,136
19,7,136
19,0,137
19,1,137
19,2,137
19,3,137
19,4,143
19,5,143
19,6,143
19,7,143
19,0,144
19,1,144
19,2,144
19,3,144
19,6,150
19,7,150
19,0,151
19,1,151
19,2,151
19,3,151
19,0,158
19,1,158
19,2,158
19,3,158
19,4,158
19,5,158
19,0,165
19,1,165
19,2,165
19,3,165
20,4,30
20,5,30
20,4,37
20,5,37
20,6,37
20,7,37
20,0,38
20,1,38
20,4,44
20,5,44
20,6,44
20,7,44
20,4,51
20,5,51
20,6,51
20,7,51
20,0,52
20,1,52
20,6,58
20,7,58
20,0,59
20,1,59
20,2,59
20,3,59
20,6,65
20,7,65
20,0,66
20,1,66
20,2,66
20,3,66
20,4,66
20,5,66
20,0,73
20,1,73
20,2,73
20,3,73
20,2,80
20,3,80
20,4,80
20,5,80
20,2,87
20,3,87
20,4,87
20,5,87
20,2,94
20,3,94
20,4,94
20,5,94
20,6,94
20,7,94
20,2,101
20,3,101
20,4,101
20,5,101
20,6,101
20,7,101
20,0,102
20,1,102
20,4,108
20,5,108
20,6,108
20,7,108
20,4,115
20,5,115
20,6,115
20,7,115
20,0,116
20,1,116
20,6,122
20,7,122
20,0,123
20,1,123
20,2,123
20,3,123
20,6,129
20,7,129
20,0,130
20,1,130
20,6,136
20,7,136
20,0,137
20,1,137
20,2,137
20,3,137
20,0,144
20,1,144
20,2,144
20,3,144
20,0,151
20,1,151
20,2,151
20,3,151
20,6,157
20,7,157
20,0,158
20,1,158
20,2,158
20,3,158
20,4,158
20,5,158
20,0,165
20,1,165
21,4,30
21,5,30
21,2,37
21,3,37
21,4,37
21,5,37
21,6,37
21,7,37
21,4,44
21,5,44
21,6,44
21,7,44
21,6,51
21,7,51
21,0,52
21,1,52
21,2,52
21,3,52
21,6,58
21,7,58
21,0,59
21,1,59
21,2,59
21,3,59
21,0,66
21,1,66
21,2,66
21,3,66
21,6,72
21,7,72
21,0,73
21,1,73
21,2,73
21,3,73
21,4,73
21,5,73
21,0,80
21,1,80
21,2,80
21,3,80
21,4,80
21,5,80
21,0,87
21,1,87
21,2,87
21,3,87
21,4,87
21,5,87
21,2,94
21,3,94
21,4,94
21,5,94
21,2,101
21,3,101
21,4,101
21,5,101
21,6,101
21,7,101
21,4,108
21,5,108
21,6,108
21,7,108
21,0,109
21,1,109
21,4,115
21,5,115
21,6,115
21,7,115
21,4,122
21,5,122
21,6,122
21,7,122
21,0,123
21,1,123
21,6,129
21,7,129
21,0,130
21,1,130
21,6,136
21,7,136
21,0,137
21,1,137
21,0,144
21,1,144
21,2,144
21,3,144
21,6,150
21,7,150
21,0,151
21,1,151
21,2,151
21,3,151
21,0,158
21,1,158
21,2,158
21,3,158
21,2,165
21,3,165
22,2,37
22,3,37
22,4,37
22,5,37
22,6,37
22,7,37
22,0,38
22,1,38
22,4,44
22,5,44
22,6,44
22,7,44
22,4,51
22,5,51
22,6,51
22,7,51
22,0,52
22,1,52
22,6,58
22,7,58
22,0,59
22,1,59
22,6,65
22,7,65
22,0,66
22,1,66
22,2,66
22,3,66
22,4,66
22,5,66
22,0,73
22,1,73
22,2,73
22,3,73
22,4,73
22,5,73
22,0,80
22,1,80
22,2,80
22,3,80
22,4,80
22,5,80
22,0,87
22,1,87
22,2,87
22,3,87
22,4,87
22,5,87
22,6,87
22,7,87
22,2,94
22,3,94
22,4,94
22,5,94
22,6,94
22,7,94
22,4,101
22,5,101
22,6,101
22,7,101
22,4,108
22,5,108
22,6,108
22,7,108
22,4,115
22,5,115
22,6,115
22,7,115
22,0,116
22,1,116
22,4,122
22,5,122
22,6,122
22,7,122
22,0,123
22,1,123
22,4,129
22,5,129
22,6,129
22,7,129
22,0,130
22,1,130
22,6,136
22,7,136
22,0,137
22,1,137
22,2,137
22,3,137
22,6,143
22,7,143
22,0,144
22,1,144
22,2,144
22,3,144
22,0,151
22,1,151
22,2,151
22,3,151
22,6,157
22,7,157
22,2,158
22,3,158
22,2,165
22,3,165
23,2,30
23,3,30
23,4,30
23,5,30
23,4,37
23,5,37
23,6,37
23,7,37
23,4,44
23,5,44
23,6,44
23,7,44
23,0,45
23,1,45
23,4,51
23,5,51
23,6,51
23,7,51
23,0,52
23,1,52
23,2,52
23,3,52
23,6,58
23,7,58
23,0,59
23,1,59
23,2,59
23,3,59
23,0,66
23,1,66
23,2,66
23,3,66
23,4,66
23,5,66
23,0,73
23,1,73
23,2,73
23,3,73
23,4,73
23,5,73
23,0,80
23,1,80
23,2,80
23,3,80
23,4,80
23,5,80
23,2,87
23,3,87
23,4,87
23,5,87
23,0,94
23,1,94
23,2,94
23,3,94
23,4,94
23,5,94
23,6,94
23,7,94
23,2,101
23,3,101
23,4,101
23,5,101
23,6,101
23,7,101
23,4,108
23,5,108
23,6,108
23,7,108
23,4,115
23,5,115
23,6,115
23,7,115
23,4,122
23,5,122
23,6,122
23,7,122
23,0,123
23,1,123
23,6,129
23,7,129
23,0,130
23,1,130
23,2,130
23,3,130
23,6,136
23,7,136
23,0,137
23,1,137
23,2,137
23,3,137
23,6,143
23,7,143
23,0,144
23,1,144
23,2,144
23,3,144
23,0,151
23,1,151
23,2,151
23,3,151
23,6,157
23,7,157
23,0,158
23,1,158
23,2,158
23,3,158
23,0,165
23,1,165
23,2,165
23,3,165
24,4,30
24,5,30
24,6,30
24,7,30
24,4,37
24,5,37
24,6,37
24,7,37
24,0,38
24,1,38
24,4,44
24,5,44
24,6,44
24,7,44
24,6,51
24,7,51
24,0,52
24,1,52
24,2,52
24,3,52
24,4,58
24,5,58
24,6,58
24,7,58
24,0,59
24,1,59
24,2,59
24,3,59
24,6,65
24,7,65
24,0,66
24,1,66
24,2,66
24,3,66
24,6,72
24,7,72
24,0,73
24,1,73
24,2,73
24,3,73
24,4,73
24,5,73
24,0,80
24,1,80
24,2,80
24,3,80
24,0,87
24,1,87
24,2,87
24,3,87
24,4,87
24,5,87
24,2,94
24,3,94
24,4,94
24,5,94
24,6,94
24,7,94
24,2,101
24,3,101
24,4,101
24,5,101
24,6,101
24,7,101
24,4,108
24,5,108
24,6,108
24,7,108
24,4,115
24,5,115
24,6,115
24,7,115
24,4,122
24,5,122
24,6,122
24,7,122
24,0,123
24,1,123
24,6,129
24,7,129
24,0,130
24,1,130
24,0,137
24,1,137
24,0,144
24,1,144
24,2,144
24,3,144
24,6,150
24,7,150
24,0,151
24,1,151
24,2,151
24,3,151
24,0,158
24,1,158
24,2,158
24,3,158
24,0,165
24,1,165
24,2,165
24,3,165
25,4,30
25,5,30
25,4,37
25,5,37
25,6,37
25,7,37
25,6,44
25,7,44
25,6,51
25,7,51
25,0,52
25,1,52
25,2,52
25,3,52
25,6,58
25,7,58
25,0,59
25,1,59
25,2,59
25,3,59
25,6,65
25,7,65
25,0,66
25,1,66
25,2,66
25,3,66
25,0,73
25,1,73
25,2,73
25,3,73
25,4,73
25,5,73
25,0,80
25,1,80
25,2,80
25,3,80
25,4,80
25,5,80
25,0,87
25,1,87
25,2,87
25,3,87
25,4,87
25,5,87
25,2,94
25,3,94
25,4,94
25,5,94
25,6,94
25,7,94
25,4,101
25,5,101
25,6,101
25,7,101
25,4,108
25,5,108
25,6,108
25,7,108
25,4,115
25,5,115
25,6,115
25,7,115
25,0,116
25,1,116
25,6,122
25,7,122
25,0,123
25,1,123
25,6,129
25,7,129
25,0,130
25,1,130
25,2,130
25,3,130
25,6,136
25,7,136
25,0,137
25,1,137
25,2,137
25,3,137
25,6,143
25,7,143
25,0,144
25,1,144
25,2,144
25,3,144
25,6,150
25,7,150
25,0,151
25,1,151
25,2,151
25,3,151
25,0,158
25,1,158
25,2,158
25,3,158
25,2,165
25,3,165
26,4,37
26,5,37
26,6,37
26,7,37
26,4,44
26,5,44
26,6,44
26,7,44
26,6,51
26,7,51
26,0,52
26,1,52
26,2,52
26,3,52
26,6,58
26,7,58
26,0,59
26,1,59
26,2,59
26,3,59
26,0,66
26,1,66
26,2,66
26,3,66
26,0,73
26,1,73
26,2,73
26,3,73
26,0,80
26,1,80
26,2,80
26,3,80
26,0,87
26,1,87
26,2,87
26,3,87
26,4,87
26,5,87
26,6,87
26,7,87
26,2,94
26,3,94
26,4,94
26,5,94
26,6,94
26,7,94
26,4,101
26,5,101
26,6,101
26,7,101
26,0,102
26,1,102
26,4,108
26,5,108
26,6,108
26,7,108
26,4,115
26,5,115
26,6,115
26,7,115
26,0,116
26,1,116
26,4,122
26,5,122
26,6,122
26,7,122
26,0,123
26,1,123
26,4,129
26,5,129
26,6,129
26,7,129
26,0,130
26,1,130
26,6,136
26,7,136
26,0,137
26,1,137
26,0,144
26,1,144
26,2,144
26,3,144
26,6,150
26,7,150
26,0,151
26,1,151
26,0,158
26,1,158
26,2,158
26,3,158
26,2,165
26,3,165
27,4,30
27,5,30
27,6,30
27,7,30
27,4,37
27,5,37
27,6,37
27,7,37
27,0,38
27,1,38
27,4,44
27,5,44
27,6,44
27,7,44
27,6,51
27,7,51
27,0,52
27,1,52
27,6,58
27,7,58
27,0,59
27,1,59
27,2,59
27,3,59
27,6,65
27,7,65
27,0,66
27,1,66
27,2,66
27,3,66
27,0,73
27,1,73
27,2,73
27,3,73
27,4,73
27,5,73
27,0,80
27,1,80
27,2,80
27,3,80
27,4,80
27,5,80
27,2,87
27,3,87
27,4,87
27,5,87
27,0,94
27,1,94
27,2,94
27,3,94
27,4,94
27,5,94
27,6,94
27,7,94
27,2,101
27,3,101
27,4,101
27,5,101
27,6,101
27,7,101
27,4,108
27,5,108
27,6,108
27,7,108
27,0,109
27,1,109
27,4,115
27,5,115
27,6,115
27,7,115
27,0,116
27,1,116
27,4,122
27,5,122
27,6,122
27,7,122
27,0,123
27,1,123
27,6,129
27,7,129
27,0,130
27,1,130
27,2,130
27,3,130
27,6,136
27,7,136
27,0,137
27,1,137
27,2,137
27,3,137
27,6,143
27,7,143
27,0,144
27,1,144
27,2,144
27,3,144
27,6,150
27,7,150
27,0,151
27,1,151
27,2,151
27,3,151
27,0,158
27,1,158
27,2,158
27,3,158
28,2,37
28,3,37
28,4,37
28,5,37
28,6,37
28,7,37
28,4,44
28,5,44
28,6,44
28,7,44
28,6,51
28,7,51
28,0,52
28,1,52
28,2,52
28,3,52
28,6,58
28,7,58
28,0,59
28,1,59
28,2,59
28,3,59
28,6,65
28,7,65
28,0,66
28,1,66
28,2,66
28,3,66
28,4,66
28,5,66
28,0,73
28,1,73
28,2,73
28,3,73
28,4,73
28,5,73
28,0,80
28,1,80
28,2,80
28,3,80
28,4,80
28,5,80
28,0,87
28,1,87
28,2,87
28,3,87
28,4,87
28,5,87
28,2,94
28,3,94
28,4,94
28,5,94
28,6,94
28,7,94
28,2,101
28,3,101
28,4,101
28,5,101
28,6,101
28,7,101
28,4,108
28,5,108
28,6,108
28,7,108
28,4,115
28,5,115
28,6,115
28,7,115
28,0,116
28,1,116
28,4,122
28,5,122
28,6,122
28,7,122
28,0,123
28,1,123
28,6,129
28,7,129
28,0,130
28,1,130
28,4,136
28,5,136
28,6,136
28,7,136
28,0,137
28,1,137
28,2,137
28,3,137
28,6,143
28,7,143
28,0,144
28,1,144
28,2,144
28,3,144
28,6,150
28,7,150
28,0,151
28,1,151
28,2,151
28,3,151
28,0,158
28,1,158
28,2,158
28,3,158
28,0,165
28,1,165
28,2,165
28,3,165
29,2,30
29,3,30
29,4,30
29,5,30
29,2,37
29,3,37
29,4,37
29,5,37
29,6,37
29,7,37
29,4,44
29,5,44
29,6,44
29,7,44
29,0,45
29,1,45
29,6,51
29,7,51
29,0,52
29,1,52
29,6,58
29,7,58
29,0,59
29,1,59
29,2,59
29,3,59
29,6,65
29,7,65
29,0,66
29,1,66
29,2,66
29,3,66
29,6,72
29,7,72
29,0,73
29,1,73
29,2,73
29,3,73
29,0,80
29,1,80
29,2,80
29,3,80
29,4,80
29,5,80
29,0,87
29,1,87
29,2,87
29,3,87
29,4,87
29,5,87
29,2,94
29,3,94
29,4,94
29,5,94
29,4,101
29,5,101
29,6,101
29,7,101
29,4,108
29,5,108
29,6,108
29,7,108
29,4,115
29,5,115
29,6,115
29,7,115
29,0,116
29,1,116
29,6,122
29,7,122
29,0,123
29,1,123
29,6,129
29,7,129
29,0,130
29,1,130
29,6,136
29,7,136
29,0,137
29,1,137
29,2,137
29,3,137
29,6,143
29,7,143
29,0,144
29,1,144
29,2,144
29,3,144
29,0,151
29,1,151
29,2,151
29,3,151
29,0,158
29,1,158
29,2,158
29,3,158
29,4,158
29,5,158
29,0,165
29,1,165
29,2,165
29,3,165
30,4,30
30,5,30
30,2,37
30,3,37
30,4,37
30,5,37
30,6,37
30,7,37
30,4,44
30,5,44
30,6,44
30,7,44
30,0,45
30,1,45
30,4,51
30,5,51
30,6,51
30,7,51
30,0,52
30,1,52
30,6,58
30,7,58
30,0,59
30,1,59
30,2,59
30,3,59
30,6,65
30,7,65
30,0,66
30,1,66
30,2,66
30,3,66
30,0,73
30,1,73
30,2,73
30,3,73
30,4,73
30,5,73
30,0,80
30,1,80
30,2,80
30,3,80
30,4,80
30,5,80
30,0,87
30,1,87
30,2,87
30,3,87
30,4,87
30,5,87
30,0,94
30,1,94
30,2,94
30,3,94
30,6,94
30,7,94
30,4,101
30,5,101
30,6,101
30,7,101
30,4,108
30,5,108
30,6,108
30,7,108
30,4,115
30,5,115
30,6,115
30,7,115
30,4,122
30,5,122
30,6,122
30,7,122
30,0,123
30,1,123
30,6,129
30,7,129
30,0,130
30,1,130
30,6,136
30,7,136
30,0,137
30,1,137
30,6,143
30,7,143
30,0,144
30,1,144
30,2,144
30,3,144
30,6,150
30,7,150
30,0,151
30,1,151
30,2,151
30,3,151
30,6,157
30,7,157
30,0,158
30,1,158
30,2,158
30,3,158
30,4,158
30,5,158
30,0,165
30,1,165
30,2,165
30,3,165
31,4,30
31,5,30
31,6,30
31,7,30
31,4,37
31,5,37
31,6,37
31,7,37
31,4,44
31,5,44
31,6,44
31,7,44
31,0,45
31,1,45
31,6,51
31,7,51
31,0,52
31,1,52
31,6,58
31,7,58
31,0,59
31,1,59
31,2,59
31,3,59
31,6,65
31,7,65
31,0,66
31,1,66
31,2,66
31,3,66
31,0,73
31,1,73
31,2,73
31,3,73
31,0,80
31,1,80
31,2,80
31,3,80
31,4,80
31,5,80
31,0,87
31,1,87
31,2,87
31,3,87
31,4,87
31,5,87
31,0,94
31,1,94
31,2,94
31,3,94
31,4,94
31,5,94
31,6,94
31,7,94
31,2,101
31,3,101
31,4,101
31,5,101
31,6,101
31,7,101
31,0,102
31,1,102
31,4,108
31,5,108
31,6,108
31,7,108
31,0,109
31,1,109
31,4,115
31,5,115
31,6,115
31,7,115
31,6,122
31,7,122
31,0,123
31,1,123
31,4,129
31,5,129
31,6,129
31,7,129
31,0,130
31,1,130
31,6,136
31,7,136
31,0,137
31,1,137
31,2,137
31,3,137
31,6,143
31,7,143
31,0,144
31,1,144
31,2,144
31,3,144
31,6,150
31,7,150
31,0,151
31,1,151
31,2,151
31,3,151
31,0,158
31,1,158
31,2,158
31,3,158
31,2,165
31,3,165
31,4,165
31,5,165
32,4,30
32,5,30
32,4,37
32,5,37
32,6,37
32,7,37
32,4,44
32,5,44
32,6,44
32,7,44
32,6,51
32,7,51
32,0,52
32,1,52
32,2,52
32,3,52
32,6,58
32,7,58
32,0,59
32,1,59
32,6,65
32,7,65
32,0,66
32,1,66
32,2,66
32,3,66
32,0,73
32,1,73
32,2,73
32,3,73
32,2,80
32,3,80
32,4,80
32,5,80
32,0,87
32,1,87
32,2,87
32,3,87
32,4,87
32,5,87
32,2,94
32,3,94
32,4,94
32,5,94
32,6,94
32,7,94
32,4,101
32,5,101
32,6,101
32,7,101
32,2,108
32,3,108
32,4,108
32,5,108
32,4,115
32,5,115
32,4,122
32,5,122
32,6,122
32,7,122
32,0,123
32,1,123
32,6,129
32,7,129
32,0,130
32,1,130
32,6,136
32,7,136
32,0,137
32,1,137
32,2,137
32,3,137
32,0,144
32,1,144
32,2,144
32,3,144
32,6,150
32,7,150
32,0,151
32,1,151
32,2,151
32,3,151
32,0,158
32,1,158
32,2,158
32,3,158
32,2,165
32,3,165
32,4,165
32,5,165
33,4,30
33,5,30
33,2,37
33,3,37
33,4,37
33,5,37
33,6,37
33,7,37
33,4,44
33,5,44
33,6,44
33,7,44
33,0,45
33,1,45
33,6,51
33,7,51
33,0,52
33,1,52
33,6,58
33,7,58
33,0,59
33,1,59
33,6,65
33,7,65
33,0,66
33,1,66
33,2,66
33,3,66
33,0,73
33,1,73
33,2,73
33,3,73
33,4,73
33,5,73
33,0,80
33,1,80
33,2,80
33,3,80
33,4,80
33,5,80
33,0,87
33,1,87
33,2,87
33,3,87
33,4,87
33,5,87
33,0,94
33,1,94
33,2,94
33,3,94
33,4,94
33,5,94
33,6,94
33,7,94
33,4,101
33,5,101
33,6,101
33,7,101
33,4,108
33,5,108
33,6,108
33,7,108
33,4,115
33,5,115
33,6,115
33,7,115
33,0,116
33,1,116
33,4,122
33,5,122
33,6,122
33,7,122
33,0,123
33,1,123
33,4,129
33,5,129
33,6,129
33,7,129
33,0,130
33,1,130
33,6,136
33,7,136
33,0,137
33,1,137
33,2,137
33,3,137
33,6,143
33,7,143
33,0,144
33,1,144
33,2,144
33,3,144
33,6,150
33,7,150
33,0,151
33,1,151
33,2,151
33,3,151
33,0,158
33,1,158
33,2,158
33,3,158
33,2,165
33,3,165
34,4,37
34,5,37
34,6,37
34,7,37
34,4,44
34,5,44
34,6,44
34,7,44
34,4,51
34,5,51
34,6,51
34,7,51
34,0,52
34,1,52
34,6,58
34,7,58
34,0,59
34,1,59
34,2,59
34,3,59
34,6,65
34,7,65
34,0,66
34,1,66
34,2,66
34,3,66
34,4,66
34,5,66
34,0,73
34,1,73
34,2,73
34,3,73
34,0,80
34,1,80
34,2,80
34,3,80
34,4,80
34,5,80
34,0,87
34,1,87
34,2,87
34,3,87
34,4,87
34,5,87
34,2,94
34,3,94
34,4,94
34,5,94
34,6,94
34,7,94
34,2,101
34,3,101
34,4,101
34,5,101
34,6,101
34,7,101
34,0,102
34,1,102
34,4,108
34,5,108
34,6,108
34,7,108
34,0,109
34,1,109
34,4,115
34,5,115
34,6,122
34,7,122
34,0,123
34,1,123
34,6,129
34,7,129
34,0,130
34,1,130
34,6,136
34,7,136
34,0,137
34,1,137
34,6,143
34,7,143
34,0,144
34,1,144
34,2,144
34,3,144
34,6,150
34,7,150
34,0,151
34,1,151
34,2,151
34,3,151
34,0,158
34,1,158
34,2,158
34,3,158
34,0,165
34,1,165
34,4,165
34,5,165
35,4,30
35,5,30
35,2,37
35,3,37
35,4,37
35,5,37
35,6,37
35,7,37
35,4,44
35,5,44
35,6,44
35,7,44
35,0,45
35,1,45
35,6,51
35,7,51
35,0,52
35,1,52
35,6,58
35,7,58
35,0,59
35,1,59
35,2,59
35,3,59
35,6,65
35,7,65
35,0,66
35,1,66
35,2,66
35,3,66
35,4,66
35,5,66
35,0,73
35,1,73
35,2,73
35,3,73
35,2,80
35,3,80
35,0,87
35,1,87
35,2,87
35,3,87
35,4,87
35,5,87
35,2,94
35,3,94
35,4,94
35,5,94
35,6,94
35,7,94
35,4,101
35,5,101
35,6,101
35,7,101
35,0,102
35,1,102
35,4,108
35,5,108
35,6,108
35,7,108
35,4,115
35,5,115
35,6,115
35,7,115
35,0,116
35,1,116
35,4,122
35,5,122
35,6,122
35,7,122
35,0,123
35,1,123
35,6,129
35,7,129
35,0,130
35,1,130
35,2,130
35,3,130
35,6,136
35,7,136
35,0,137
35,1,137
35,6,143
35,7,143
35,0,144
35,1,144
35,2,144
35,3,144
35,6,150
35,7,150
35,0,151
35,1,151
35,2,151
35,3,151
35,6,157
35,7,157
35,0,158
35,1,158
35,2,158
35,3,158
35,0,165
35,1,165
36,4,30
36,5,30
36,4,37
36,5,37
36,6,37
36,7,37
36,0,38
36,1,38
36,6,44
36,7,44
36,6,51
36,7,51
36,0,52
36,1,52
36,6,58
36,7,58
36,0,59
36,1,59
36,2,59
36,3,59
36,0,66
36,1,66
36,2,66
36,3,66
36,0,73
36,1,73
36,2,73
36,3,73
36,4,73
36,5,73
36,2,80
36,3,80
36,4,80
36,5,80
36,0,87
36,1,87
36,2,87
36,3,87
36,4,87
36,5,87
36,6,87
36,7,87
36,2,94
36,3,94
36,4,94
36,5,94
36,6,94
36,7,94
36,2,101
36,3,101
36,4,101
36,5,101
36,6,101
36,7,101
36,4,108
36,5,108
36,6,108
36,7,108
36,4,115
36,5,115
36,6,115
36,7,115
36,4,122
36,5,122
36,6,122
36,7,122
36,0,123
36,1,123
36,6,129
36,7,129
36,0,130
36,1,130
36,2,130
36,3,130
36,6,136
36,7,136
36,0,137
36,1,137
36,0,144
36,1,144
36,2,144
36,3,144
36,0,151
36,1,151
36,2,151
36,3,151
36,6,157
36,7,157
36,0,158
36,1,158
36,2,158
36,3,158
36,0,165
36,1,165
36,2,165
36,3,165
37,4,30
37,5,30
37,4,37
37,5,37
37,6,37
37,7,37
37,4,44
37,5,44
37,6,44
37,7,44
37,6,51
37,7,51
37,0,52
37,1,52
37,2,52
37,3,52
37,6,58
37,7,58
37,0,59
37,1,59
37,2,59
37,3,59
37,6,65
37,7,65
37,0,66
37,1,66
37,2,66
37,3,66
37,6,72
37,7,72
37,0,73
37,1,73
37,2,73
37,3,73
37,4,73
37,5,73
37,0,80
37,1,80
37,2,80
37,3,80
37,4,80
37,5,80
37,0,87
37,1,87
37,2,87
37,3,87
37,4,87
37,5,87
37,2,94
37,3,94
37,4,94
37,5,94
37,6,94
37,7,94
37,4,101
37,5,101
37,6,101
37,7,101
37,4,108
37,5,108
37,6,108
37,7,108
37,0,109
37,1,109
37,4,115
37,5,115
37,6,115
37,7,115
37,0,116
37,1,116
37,6,122
37,7,122
37,0,123
37,1,123
37,6,129
37,7,129
37,0,130
37,1,130
37,6,136
37,7,136
37,6,143
37,7,143
37,0,144
37,1,144
37,0,151
37,1,151
37,2,151
37,3,151
37,0,158
37,1,158
37,2,158
37,3,158
37,0,165
37,1,165
37,2,165
37,3,165
38,4,30
38,5,30
38,6,37
38,7,37
38,0,38
38,1,38
38,4,44
38,5,44
38,6,44
38,7,44
38,0,45
38,1,45
38,4,51
38,5,51
38,6,51
38,7,51
38,0,52
38,1,52
38,6,58
38,7,58
38,0,59
38,1,59
38,2,59
38,3,59
38,6,65
38,7,65
38,0,66
38,1,66
38,2,66
38,3,66
38,0,73
38,1,73
38,2,73
38,3,73
38,4,73
38,5,73
38,2,80
38,3,80
38,4,80
38,5,80
38,0,87
38,1,87
38,2,87
38,3,87
38,4,87
38,5,87
38,2,94
38,3,94
38,4,94
38,5,94
38,2,101
38,3,101
38,4,101
38,5,101
38,6,101
38,7,101
38,0,102
38,1,102
38,4,108
38,5,108
38,6,108
38,7,108
38,0,109
38,1,109
38,4,115
38,5,115
38,6,115
38,7,115
38,6,122
38,7,122
38,0,123
38,1,123
38,6,129
38,7,129
38,0,130
38,1,130
38,2,130
38,3,130
38,4,136
38,5,136
38,6,136
38,7,136
38,0,137
38,1,137
38,2,137
38,3,137
38,6,143
38,7,143
38,0,144
38,1,144
38,2,144
38,3,144
38,0,151
38,1,151
38,2,151
38,3,151
38,6,157
38,7,157
38,0,158
38,1,158
38,2,158
38,3,158
38,0,165
38,1,165
39,4,37
39,5,37
39,6,37
39,7,37
39,4,44
39,5,44
39,6,44
39,7,44
39,6,51
39,7,51
39,0,52
39,1,52
39,2,52
39,3,52
39,6,58
39,7,58
39,0,59
39,1,59
39,2,59
39,3,59
39,6,65
39,7,65
39,0,66
39,1,66
39,2,66
39,3,66
39,0,73
39,1,73
39,2,73
39,3,73
39,4,73
39,5,73
39,2,80
39,3,80
39,4,80
39,5,80
39,0,87
39,1,87
39,2,87
39,3,87
39,4,87
39,5,87
39,0,94
39,1,94
39,2,94
39,3,94
39,4,94
39,5,94
39,6,94
39,7,94
39,4,101
39,5,101
39,6,101
39,7,101
39,0,102
39,1,102
39,4,108
39,5,108
39,6,108
39,7,108
39,0,109
39,1,109
39,4,115
39,5,115
39,6,115
39,7,115
39,6,122
39,7,122
39,0,123
39,1,123
39,6,129
39,7,129
39,0,130
39,1,130
39,0,137
39,1,137
39,2,137
39,3,137
39,0,144
39,1,144
39,2,144
39,3,144
39,6,150
39,7,150
39,0,151
39,1,151
39,2,151
39,3,151
39,6,157
39,7,157
39,2,158
39,3,158
39,2,165
39,3,165
40,4,30
40,5,30
40,4,37
40,5,37
40,6,37
40,7,37
40,4,44
40,5,44
40,6,44
40,7,44
40,0,45
40,1,45
40,4,51
40,5,51
40,6,51
40,7,51
40,0,52
40,1,52
40,6,58
40,7,58
40,0,59
40,1,59
40,4,65
40,5,65
40,6,65
40,7,65
40,0,66
40,1,66
40,2,66
40,3,66
40,0,73
40,1,73
40,2,73
40,3,73
40,0,80
40,1,80
40,2,80
40,3,80
40,0,87
40,1,87
40,2,87
40,3,87
40,4,87
40,5,87
40,2,94
40,3,94
40,4,94
40,5,94
40,2,101
40,3,101
40,4,101
40,5,101
40,6,101
40,7,101
40,4,108
40,5,108
40,6,108
40,7,108
40,0,109
40,1,109
40,4,115
40,5,115
40,6,115
40,7,115
40,0,116
40,1,116
40,6,122
40,7,122
40,0,123
40,1,123
40,6,129
40,7,129
40,0,130
40,1,130
40,2,130
40,3,130
40,6,136
40,7,136
40,0,137
40,1,137
40,2,137
40,3,137
40,6,143
40,7,143
40,0,144
40,1,144
40,2,144
40,3,144
40,6,150
40,7,150
40,0,151
40,1,151
40,2,151
40,3,151
40,0,158
40,1,158
40,2,158
40,3,158
40,0,165
40,1,165
40,4,165
40,5,165
41,4,30
41,5,30
41,6,30
41,7,30
41,4,37
41,5,37
41,6,37
41,7,37
41,0,38
41,1,38
41,4,44
41,5,44
41,6,44
41,7,44
41,6,51
41,7,51
41,0,52
41,1,52
41,2,52
41,3,52
41,6,58
41,7,58
41,0,59
41,1,59
41,6,65
41,7,65
41,0,66
41,1,66
41,2,66
41,3,66
41,0,73
41,1,73
41,2,73
41,3,73
41,0,80
41,1,80
41,2,80
41,3,80
41,4,80
41,5,80
41,2,87
41,3,87
41,4,87
41,5,87
41,0,94
41,1,94
41,2,94
41,3,94
41,4,94
41,5,94
41,6,94
41,7,94
41,2,101
41,3,101
41,4,101
41,5,101
41,6,101
41,7,101
41,4,108
41,5,108
41,6,108
41,7,108
41,0,109
41,1,109
41,4,115
41,5,115
41,6,115
41,7,115
41,0,116
41,1,116
41,6,122
41,7,122
41,0,123
41,1,123
41,6,129
41,7,129
41,0,130
41,1,130
41,4,136
41,5,136
41,6,136
41,7,136
41,0,137
41,1,137
41,6,143
41,7,143
41,0,144
41,1,144
41,2,144
41,3,144
41,0,151
41,1,151
41,2,151
41,3,151
41,0,158
41,1,158
41,2,165
41,3,165
42,6,30
42,7,30
42,2,37
42,3,37
42,4,37
42,5,37
42,6,37
42,7,37
42,0,38
42,1,38
42,4,44
42,5,44
42,6,44
42,7,44
42,0,45
42,1,45
42,6,51
42,7,51
42,0,52
42,1,52
42,2,52
42,3,52
42,6,58
42,7,58
42,0,59
42,1,59
42,2,59
42,3,59
42,0,66
42,1,66
42,2,66
42,3,66
42,4,66
42,5,66
42,0,73
42,1,73
42,2,73
42,3,73
42,4,73
42,5,73
42,0,80
42,1,80
42,2,80
42,3,80
42,0,87
42,1,87
42,2,87
42,3,87
42,4,87
42,5,87
42,6,87
42,7,87
42,2,94
42,3,94
42,4,94
42,5,94
42,6,94
42,7,94
42,2,101
42,3,101
42,4,101
42,5,101
42,6,101
42,7,101
42,4,108
42,5,108
42,6,108
42,7,108
42,0,109
42,1,109
42,4,115
42,5,115
42,6,115
42,7,115
42,6,122
42,7,122
42,0,123
42,1,123
42,6,129
42,7,129
42,0,130
42,1,130
42,2,130
42,3,130
42,6,136
42,7,136
42,0,137
42,1,137
42,2,137
42,3,137
42,6,143
42,7,143
42,0,144
42,1,144
42,2,144
42,3,144
42,0,151
42,1,151
42,2,151
42,3,151
42,0,158
42,1,158
42,2,158
42,3,158
42,0,165
42,1,165
43,4,30
43,5,30
43,4,37
43,5,37
43,6,37
43,7,37
43,4,44
43,5,44
43,6,44
43,7,44
43,6,51
43,7,51
43,0,52
43,1,52
43,6,58
43,7,58
43,0,59
43,1,59
43,2,59
43,3,59
43,0,66
43,1,66
43,2,66
43,3,66
43,4,66
43,5,66
43,0,73
43,1,73
43,2,73
43,3,73
43,2,80
43,3,80
43,4,80
43,5,80
43,0,87
43,1,87
43,2,87
43,3,87
43,2,94
43,3,94
43,4,94
43,5,94
43,6,94
43,7,94
43,2,101
43,3,101
43,4,101
43,5,101
43,6,101
43,7,101
43,4,108
43,5,108
43,6,108
43,7,108
43,4,115
43,5,115
43,6,115
43,7,115
43,6,122
43,7,122
43,0,123
43,1,123
43,6,129
43,7,129
43,0,130
43,1,130
43,2,130
43,3,130
43,6,136
43,7,136
43,0,137
43,1,137
43,6,143
43,7,143
43,0,144
43,1,144
43,6,150
43,7,150
43,0,151
43,1,151
43,2,151
43,3,151
43,0,158
43,1,158
43,2,158
43,3,158
43,0,165
43,1,165
43,2,165
43,3,165
44,4,30
44,5,30
44,4,37
44,5,37
44,6,37
44,7,37
44,4,44
44,5,44
44,6,44
44,7,44
44,0,45
44,1,45
44,4,51
44,5,51
44,6,51
44,7,51
44,0,52
44,1,52
44,2,52
44,3,52
44,6,58
44,7,58
44,0,59
44,1,59
44,6,65
44,7,65
44,0,66
44,1,66
44,2,66
44,3,66
44,0,73
44,1,73
44,2,73
44,3,73
44,4,73
44,5,73
44,2,80
44,3,80
44,4,80
44,5,80
44,2,87
44,3,87
44,4,87
44,5,87
44,0,94
44,1,94
44,2,94
44,3,94
44,4,94
44,5,94
44,4,101
44,5,101
44,6,101
44,7,101
44,2,108
44,3,108
44,4,108
44,5,108
44,6,108
44,7,108
44,4,115
44,5,115
44,6,115
44,7,115
44,0,116
44,1,116
44,4,122
44,5,122
44,6,122
44,7,122
44,0,123
44,1,123
44,6,129
44,7,129
44,0,130
44,1,130
44,2,130
44,3,130
44,6,136
44,7,136
44,0,137
44,1,137
44,6,143
44,7,143
44,0,144
44,1,144
44,6,150
44,7,150
44,0,151
44,1,151
44,2,151
44,3,151
44,0,158
44,1,158
44,2,158
44,3,158
44,4,158
44,5,158
44,0,165
44,1,165
44,2,165
44,3,165
45,4,30
45,5,30
45,2,37
45,3,37
45,4,37
45,5,37
45,6,37
45,7,37
45,6,44
45,7,44
45,4,51
45,5,51
45,6,51
45,7,51
45,0,52
45,1,52
45,6,58
45,7,58
45,0,59
45,1,59
45,2,59
45,3,59
45,6,65
45,7,65
45,0,66
45,1,66
45,2,66
45,3,66
45,4,66
45,5,66
45,0,73
45,1,73
45,2,73
45,3,73
45,0,80
45,1,80
45,2,80
45,3,80
45,4,80
45,5,80
45,0,87
45,1,87
45,2,87
45,3,87
45,4,87
45,5,87
45,2,94
45,3,94
45,4,94
45,5,94
45,6,94
45,7,94
45,2,101
45,3,101
45,4,101
45,5,101
45,6,101
45,7,101
45,4,108
45,5,108
45,6,108
45,7,108
45,0,109
45,1,109
45,4,115
45,5,115
45,6,115
45,7,115
45,0,116
45,1,116
45,6,122
45,7,122
45,0,123
45,1,123
45,4,129
45,5,129
45,6,129
45,7,129
45,0,130
45,1,130
45,4,136
45,5,136
45,6,136
45,7,136
45,0,137
45,1,137
45,2,137
45,3,137
45,6,143
45,7,143
45,0,144
45,1,144
45,2,144
45,3,144
45,6,150
45,7,150
45,0,151
45,1,151
45,2,158
45,3,158
45,0,165
45,1,165
45,2,165
45,3,165
46,4,30
46,5,30
46,6,30
46,7,30
46,4,37
46,5,37
46,6,37
46,7,37
46,0,38
46,1,38
46,4,44
46,5,44
46,6,44
46,7,44
46,4,51
46,5,51
46,6,51
46,7,51
46,0,52
46,1,52
46,6,58
46,7,58
46,0,59
46,1,59
46,0,66
46,1,66
46,2,66
46,3,66
46,0,73
46,1,73
46,2,73
46,3,73
46,4,73
46,5,73
46,4,80
46,5,80
46,0,87
46,1,87
46,2,87
46,3,87
46,4,87
46,5,87
46,6,87
46,7,87
46,2,94
46,3,94
46,4,94
46,5,94
46,4,101
46,5,101
46,6,101
46,7,101
46,4,108
46,5,108
46,6,108
46,7,108
46,4,115
46,5,115
46,6,115
46,7,115
46,0,116
46,1,116
46,6,122
46,7,122
46,0,123
46,1,123
46,6,129
46,7,129
46,0,130
46,1,130
46,2,130
46,3,130
46,4,136
46,5,136
46,6,136
46,7,136
46,0,137
46,1,137
46,6,143
46,7,143
46,0,144
46,1,144
46,6,150
46,7,150
46,0,151
46,1,151
46,2,151
46,3,151
46,6,157
46,7,157
46,0,158
46,1,158
47,4,30
47,5,30
47,2,37
47,3,37
47,4,37
47,5,37
47,6,37
47,7,37
47,4,44
47,5,44
47,6,44
47,7,44
47,0,52
47,1,52
47,6,58
47,7,58
47,0,59
47,1,59
47,2,59
47,3,59
47,6,65
47,7,65
47,0,66
47,1,66
47,2,66
47,3,66
47,0,73
47,1,73
47,2,73
47,3,73
47,0,80
47,1,80
47,2,80
47,3,80
47,4,80
47,5,80
47,0,87
47,1,87
47,2,87
47,3,87
47,4,87
47,5,87
47,2,94
47,3,94
47,4,94
47,5,94
47,6,94
47,7,94
47,4,101
47,5,101
47,6,101
47,7,101
47,4,108
47,5,108
47,6,108
47,7,108
47,4,115
47,5,115
47,6,115
47,7,115
47,0,116
47,1,116
47,4,122
47,5,122
47,6,122
47,7,122
47,0,123
47,1,123
47,4,129
47,5,129
47,6,129
47,7,129
47,0,130
47,1,130
47,2,130
47,3,130
47,6,136
47,7,136
47,0,137
47,1,137
47,0,144
47,1,144
47,2,144
47,3,144
47,0,151
47,1,151
47,2,151
47,3,151
47,0,158
47,1,158
47,2,158
47,3,158
47,0,165
47,1,165
47,2,165
47,3,165
47,4,165
47,5,165
48,4,30
48,5,30
48,4,37
48,5,37
48,6,37
48,7,37
48,4,44
48,5,44
48,6,44
48,7,44
48,6,51
48,7,51
48,0,52
48,1,52
48,6,58
48,7,58
48,0,59
48,1,59
48,2,59
48,3,59
48,0,66
48,1,66
48,2,66
48,3,66
48,0,73
48,1,73
48,2,73
48,3,73
48,4,73
48,5,73
48,0,80
48,1,80
48,2,80
48,3,80
48,0,87
48,1,87
48,2,87
48,3,87
48,4,87
48,5,87
48,6,87
48,7,87
48,0,94
48,1,94
48,2,94
48,3,94
48,4,94
48,5,94
48,2,101
48,3,101
48,4,101
48,5,101
48,6,101
48,7,101
48,4,108
48,5,108
48,6,108
48,7,108
48,4,115
48,5,115
48,6,115
48,7,115
48,4,122
48,5,122
48,6,122
48,7,122
48,0,123
48,1,123
48,6,129
48,7,129
48,0,130
48,1,130
48,6,136
48,7,136
48,0,137
48,1,137
48,2,137
48,3,137
48,6,143
48,7,143
48,0,144
48,1,144
48,2,144
48,3,144
48,6,150
48,7,150
48,0,151
48,1,151
48,2,151
48,3,151
48,0,158
48,1,158
48,2,158
48,3,158
48,0,165
48,1,165
48,2,165
48,3,165
48,4,165
48,5,165
49,4,30
49,5,30
49,4,37
49,5,37
49,6,37
49,7,37
49,6,44
49,7,44
49,6,51
49,7,51
49,0,52
49,1,52
49,6,58
49,7,58
49,0,59
49,1,59
49,2,59
49,3,59
49,6,65
49,7,65
49,0,66
49,1,66
49,2,66
49,3,66
49,0,73
49,1,73
49,2,73
49,3,73
49,0,80
49,1,80
49,2,80
49,3,80
49,4,80
49,5,80
49,2,87
49,3,87
49,4,87
49,5,87
49,2,94
49,3,94
49,4,94
49,5,94
49,2,101
49,3,101
49,4,101
49,5,101
49,6,101
49,7,101
49,4,108
49,5,108
49,6,108
49,7,108
49,0,109
49,1,109
49,4,115
49,5,115
49,6,115
49,7,115
49,4,122
49,5,122
49,6,122
49,7,122
49,0,123
49,1,123
49,6,129
49,7,129
49,0,130
49,1,130
49,6,136
49,7,136
49,0,137
49,1,137
49,6,143
49,7,143
49,0,144
49,1,144
49,2,144
49,3,144
49,0,151
49,1,151
49,2,151
49,3,151
49,0,158
49,1,158
49,2,158
49,3,158
49,0,165
49,1,165
50,4,30
50,5,30
50,2,37
50,3,37
50,4,37
50,5,37
50,6,37
50,7,37
50,0,38
50,1,38
50,4,44
50,5,44
50,6,44
50,7,44
50,0,45
50,1,45
50,6,51
50,7,51
50,0,52
50,1,52
50,6,58
50,7,58
50,0,59
50,1,59
50,0,66
50,1,66
50,2,66
50,3,66
50,4,66
50,5,66
50,0,73
50,1,73
50,2,73
50,3,73
50,4,73
50,5,73
50,0,80
50,1,80
50,2,80
50,3,80
50,4,80
50,5,80
50,0,87
50,1,87
50,2,87
50,3,87
50,4,87
50,5,87
50,2,94
50,3,94
50,4,94
50,5,94
50,6,94
50,7,94
50,2,101
50,3,101
50,4,101
50,5,101
50,6,101
50,7,101
50,2,108
50,3,108
50,4,108
50,5,108
50,6,108
50,7,108
50,0,109
50,1,109
50,4,115
50,5,115
50,6,115
50,7,115
50,0,116
50,1,116
50,4,122
50,5,122
50,6,122
50,7,122
50,0,123
50,1,123
50,6,129
50,7,129
50,0,130
50,1,130
50,2,130
50,3,130
50,6,136
50,7,136
50,0,137
50,1,137
50,2,137
50,3,137
50,0,144
50,1,144
50,2,144
50,3,144
50,6,150
50,7,150
50,0,151
50,1,151
50,0,158
50,1,158
50,2,158
50,3,158
50,0,165
50,1,165
50,2,165
50,3,165
51,4,30
51,5,30
51,4,37
51,5,37
51,6,37
51,7,37
51,4,44
51,5,44
51,6,44
51,7,44
51,6,51
51,7,51
51,0,52
51,1,52
51,2,52
51,3,52
51,6,58
51,7,58
51,0,59
51,1,59
51,2,59
51,3,59
51,6,65
51,7,65
51,0,66
51,1,66
51,2,66
51,3,66
51,0,73
51,1,73
51,2,73
51,3,73
51,4,73
51,5,73
51,2,80
51,3,80
51,4,80
51,5,80
51,2,87
51,3,87
51,4,87
51,5,87
51,6,87
51,7,87
51,0,94
51,1,94
51,2,94
51,3,94
51,4,94
51,5,94
51,4,101
51,5,101
51,6,101
51,7,101
51,4,108
51,5,108
51,6,108
51,7,108
51,4,115
51,5,115
51,6,115
51,7,115
51,6,122
51,7,122
51,0,123
51,1,123
51,6,129
51,7,129
51,0,130
51,1,130
51,4,136
51,5,136
51,6,136
51,7,136
51,0,137
51,1,137
51,6,143
51,7,143
51,0,144
51,1,144
51,2,144
51,3,144
51,6,150
51,7,150
51,0,151
51,1,151
51,2,158
51,3,158
51,4,158
51,5,158
51,2,165
51,3,165
52,4,30
52,5,30
52,6,30
52,7,30
52,4,37
52,5,37
52,6,37
52,7,37
52,4,44
52,5,44
52,6,44
52,7,44
52,6,51
52,7,51
52,0,52
52,1,52
52,6,58
52,7,58
52,0,59
52,1,59
52,6,65
52,7,65
52,0,66
52,1,66
52,2,66
52,3,66
52,0,73
52,1,73
52,2,73
52,3,73
52,4,73
52,5,73
52,0,80
52,1,80
52,2,80
52,3,80
52,0,87
52,1,87
52,2,87
52,3,87
52,4,87
52,5,87
52,6,87
52,7,87
52,2,94
52,3,94
52,4,94
52,5,94
52,4,101
52,5,101
52,6,101
52,7,101
52,0,102
52,1,102
52,6,108
52,7,108
52,0,109
52,1,109
52,4,115
52,5,115
52,6,115
52,7,115
52,0,116
52,1,116
52,6,122
52,7,122
52,0,123
52,1,123
52,6,129
52,7,129
52,0,130
52,1,130
52,4,136
52,5,136
52,6,136
52,7,136
52,0,137
52,1,137
52,6,143
52,7,143
52,0,144
52,1,144
52,2,144
52,3,144
52,6,150
52,7,150
52,0,151
52,1,151
52,0,158
52,1,158
52,4,158
52,5,158
52,0,165
52,1,165
52,4,165
52,5,165
53,4,30
53,5,30
53,4,37
53,5,37
53,6,37
53,7,37
53,4,44
53,5,44
53,6,44
53,7,44
53,0,45
53,1,45
53,6,51
53,7,51
53,0,52
53,1,52
53,2,52
53,3,52
53,4,58
53,5,58
53,6,58
53,7,58
53,2,59
53,3,59
53,6,65
53,7,65
53,0,66
53,1,66
53,2,66
53,3,66
53,0,73
53,1,73
53,2,73
53,3,73
53,4,73
53,5,73
53,0,80
53,1,80
53,2,80
53,3,80
53,0,87
53,1,87
53,2,87
53,3,87
53,4,87
53,5,87
53,0,94
53,1,94
53,2,94
53,3,94
53,4,94
53,5,94
53,6,94
53,7,94
53,4,101
53,5,101
53,6,101
53,7,101
53,4,108
53,5,108
53,6,108
53,7,108
53,0,109
53,1,109
53,4,115
53,5,115
53,6,115
53,7,115
53,6,122
53,7,122
53,0,123
53,1,123
53,6,129
53,7,129
53,0,130
53,1,130
53,6,136
53,7,136
53,0,137
53,1,137
53,2,137
53,3,137
53,0,144
53,1,144
53,2,144
53,3,144
53,6,150
53,7,150
53,0,151
53,1,151
53,2,151
53,3,151
53,6,157
53,7,157
53,0,158
53,1,158
53,2,158
53,3,158
53,0,165
53,1,165
53,2,165
53,3,165
53,4,165
53,5,165
54,4,37
54,5,37
54,6,37
54,7,37
54,4,44
54,5,44
54,6,44
54,7,44
54,0,45
54,1,45
54,6,51
54,7,51
54,0,52
54,1,52
54,6,58
54,7,58
54,0,59
54,1,59
54,2,59
54,3,59
54,0,66
54,1,66
54,2,66
54,3,66
54,0,73
54,1,73
54,2,73
54,3,73
54,4,73
54,5,73
54,0,80
54,1,80
54,2,80
54,3,80
54,4,80
54,5,80
54,0,87
54,1,87
54,2,87
54,3,87
54,4,87
54,5,87
54,2,94
54,3,94
54,4,94
54,5,94
54,2,101
54,3,101
54,4,101
54,5,101
54,6,101
54,7,101
54,0,102
54,1,102
54,4,108
54,5,108
54,6,108
54,7,108
54,4,115
54,5,115
54,6,115
54,7,115
54,0,116
54,1,116
54,6,122
54,7,122
54,0,123
54,1,123
54,6,129
54,7,129
54,0,130
54,1,130
54,2,130
54,3,130
54,6,136
54,7,136
54,0,137
54,1,137
54,2,137
54,3,137
54,6,143
54,7,143
54,0,144
54,1,144
54,2,144
54,3,144
54,0,151
54,1,151
54,0,158
54,1,158
54,2,158
54,3,158
54,0,165
54,1,165
54,2,165
54,3,165
55,4,30
55,5,30
55,2,37
55,3,37
55,4,37
55,5,37
55,6,37
55,7,37
55,4,44
55,5,44
55,6,44
55,7,44
55,0,45
55,1,45
55,6,51
55,7,51
55,0,52
55,1,52
55,4,58
55,5,58
55,6,58
55,7,58
55,0,59
55,1,59
55,2,59
55,3,59
55,0,66
55,1,66
55,2,66
55,3,66
55,6,72
55,7,72
55,0,73
55,1,73
55,2,73
55,3,73
55,4,73
55,5,73
55,0,80
55,1,80
55,2,80
55,3,80
55,4,80
55,5,80
55,0,87
55,1,87
55,2,87
55,3,87
55,4,87
55,5,87
55,0,94
55,1,94
55,2,94
55,3,94
55,4,94
55,5,94
55,6,94
55,7,94
55,4,101
55,5,101
55,6,101
55,7,101
55,4,108
55,5,108
55,6,108
55,7,108
55,0,109
55,1,109
55,4,115
55,5,115
55,6,115
55,7,115
55,6,122
55,7,122
55,0,123
55,1,123
55,6,129
55,7,129
55,0,130
55,1,130
55,6,136
55,7,136
55,0,137
55,1,137
55,2,137
55,3,137
55,0,144
55,1,144
55,2,144
55,3,144
55,6,150
55,7,150
55,0,151
55,1,151
55,2,151
55,3,151
55,6,157
55,7,157
55,0,158
55,1,158
55,2,158
55,3,158
55,0,165
55,1,165
55,2,165
55,3,165
56,6,30
56,7,30
56,4,37
56,5,37
56,6,37
56,7,37
56,4,44
56,5,44
56,6,44
56,7,44
56,6,51
56,7,51
56,0,52
56,1,52
56,6,58
56,7,58
56,0,59
56,1,59
56,2,59
56,3,59
56,6,65
56,7,65
56,0,66
56,1,66
56,2,66
56,3,66
56,0,73
56,1,73
56,2,73
56,3,73
56,4,73
56,5,73
56,0,80
56,1,80
56,2,80
56,3,80
56,4,80
56,5,80
56,0,87
56,1,87
56,2,87
56,3,87
56,4,87
56,5,87
56,0,94
56,1,94
56,2,94
56,3,94
56,4,94
56,5,94
56,6,94
56,7,94
56,2,101
56,3,101
56,4,101
56,5,101
56,6,101
56,7,101
56,0,102
56,1,102
56,4,108
56,5,108
56,0,109
56,1,109
56,4,115
56,5,115
56,6,115
56,7,115
56,0,116
56,1,116
56,4,122
56,5,122
56,6,122
56,7,122
56,0,123
56,1,123
56,6,129
56,7,129
56,0,130
56,1,130
56,2,130
56,3,130
56,4,136
56,5,136
56,6,136
56,7,136
56,0,137
56,1,137
56,6,143
56,7,143
56,0,144
56,1,144
56,2,144
56,3,144
56,0,151
56,1,151
56,2,151
56,3,151
56,0,158
56,1,158
56,2,158
56,3,158
56,4,158
56,5,158
56,2,165
56,3,165
56,4,165
56,5,165
57,6,30
57,7,30
57,4,37
57,5,37
57,6,37
57,7,37
57,4,44
57,5,44
57,6,44
57,7,44
57,0,45
57,1,45
57,6,51
57,7,51
57,0,52
57,1,52
57,6,58
57,7,58
57,0,59
57,1,59
57,6,65
57,7,65
57,0,66
57,1,66
57,2,66
57,3,66
57,4,66
57,5,66
57,0,73
57,1,73
57,2,73
57,3,73
57,0,80
57,1,80
57,2,80
57,3,80
57,4,80
57,5,80
57,2,87
57,3,87
57,4,87
57,5,87
57,0,94
57,1,94
57,2,94
57,3,94
57,4,94
57,5,94
57,2,101
57,3,101
57,4,101
57,5,101
57,6,101
57,7,101
57,0,102
57,1,102
57,2,108
57,3,108
57,4,108
57,5,108
57,6,108
57,7,108
57,0,109
57,1,109
57,4,115
57,5,115
57,6,115
57,7,115
57,0,116
57,1,116
57,4,122
57,5,122
57,6,122
57,7,122
57,0,123
57,1,123
57,6,129
57,7,129
57,0,130
57,1,130
57,2,130
57,3,130
57,6,136
57,7,136
57,0,137
57,1,137
57,2,137
57,3,137
57,6,143
57,7,143
57,0,144
57,1,144
57,2,144
57,3,144
57,0,151
57,1,151
57,2,151
57,3,151
57,6,157
57,7,157
57,0,158
57,1,158
57,2,158
57,3,158
57,2,165
57,3,165
58,4,30
58,5,30
58,4,37
58,5,37
58,6,37
58,7,37
58,4,44
58,5,44
58,6,44
58,7,44
58,4,51
58,5,51
58,6,51
58,7,51
58,0,52
58,1,52
58,6,58
58,7,58
58,0,59
58,1,59
58,2,59
58,3,59
58,0,66
58,1,66
58,2,66
58,3,66
58,0,73
58,1,73
58,2,73
58,3,73
58,0,80
58,1,80
58,2,80
58,3,80
58,4,80
58,5,80
58,0,87
58,1,87
58,2,87
58,3,87
58,4,87
58,5,87
58,6,87
58,7,87
58,2,94
58,3,94
58,4,94
58,5,94
58,6,94
58,7,94
58,2,101
58,3,101
58,4,101
58,5,101
58,6,101
58,7,101
58,2,108
58,3,108
58,4,108
58,5,108
58,6,108
58,7,108
58,4,115
58,5,115
58,6,115
58,7,115
58,0,116
58,1,116
58,6,122
58,7,122
58,0,123
58,1,123
58,6,129
58,7,129
58,0,130
58,1,130
58,2,130
58,3,130
58,6,136
58,7,136
58,0,137
58,1,137
58,2,137
58,3,137
58,6,143
58,7,143
58,0,144
58,1,144
58,0,151
58,1,151
58,2,151
58,3,151
58,6,157
58,7,157
58,0,158
58,1,158
58,2,158
58,3,158
58,0,165
58,1,165
59,4,30
59,5,30
59,4,37
59,5,37
59,6,37
59,7,37
59,4,44
59,5,44
59,6,44
59,7,44
59,0,45
59,1,45
59,4,51
59,5,51
59,0,52
59,1,52
59,2,52
59,3,52
59,6,58
59,7,58
59,0,59
59,1,59
59,6,65
59,7,65
59,0,66
59,1,66
59,2,66
59,3,66
59,4,66
59,5,66
59,2,73
59,3,73
59,4,73
59,5,73
59,0,80
59,1,80
59,2,80
59,3,80
59,4,80
59,5,80
59,0,87
59,1,87
59,2,87
59,3,87
59,4,87
59,5,87
59,0,94
59,1,94
59,2,94
59,3,94
59,4,94
59,5,94
59,2,101
59,3,101
59,4,101
59,5,101
59,6,101
59,7,101
59,0,102
59,1,102
59,4,108
59,5,108
59,6,108
59,7,108
59,0,109
59,1,109
59,4,115
59,5,115
59,6,115
59,7,115
59,6,122
59,7,122
59,0,123
59,1,123
59,2,123
59,3,123
59,6,129
59,7,129
59,0,130
59,1,130
59,6,136
59,7,136
59,0,137
59,1,137
59,6,143
59,7,143
59,0,144
59,1,144
59,2,144
59,3,144
59,6,150
59,7,150
59,0,151
59,1,151
59,0,158
59,1,158
59,2,158
59,3,158
59,2,165
59,3,165
60,4,37
60,5,37
60,6,37
60,7,37
60,4,44
60,5,44
60,6,44
60,7,44
60,0,45
60,1,45
60,6,51
60,7,51
60,0,52
60,1,52
60,6,58
60,7,58
60,0,59
60,1,59
60,2,59
60,3,59
60,4,65
60,5,65
60,0,66
60,1,66
60,2,66
60,3,66
60,4,66
60,5,66
60,0,73
60,1,73
60,2,73
60,3,73
60,4,73
60,5,73
60,2,80
60,3,80
60,0,87
60,1,87
60,2,87
60,3,87
60,4,87
60,5,87
60,6,87
60,7,87
60,2,94
60,3,94
60,4,94
60,5,94
60,6,94
60,7,94
60,2,101
60,3,101
60,4,101
60,5,101
60,6,101
60,7,101
60,0,102
60,1,102
60,4,108
60,5,108
60,6,108
60,7,108
60,0,109
60,1,109
60,4,115
60,5,115
60,6,115
60,7,115
60,4,122
60,5,122
60,6,122
60,7,122
60,0,123
60,1,123
60,6,129
60,7,129
60,0,130
60,1,130
60,6,136
60,7,136
60,0,137
60,1,137
60,2,137
60,3,137
60,6,143
60,7,143
60,0,144
60,1,144
60,2,144
60,3,144
60,6,150
60,7,150
60,0,151
60,1,151
60,0,158
60,1,158
60,2,158
60,3,158
60,0,165
60,1,165
60,2,165
60,3,165
61,4,37
61,5,37
61,6,37
61,7,37
61,4,44
61,5,44
61,6,44
61,7,44
61,0,45
61,1,45
61,4,51
61,5,51
61,0,52
61,1,52
61,2,52
61,3,52
61,6,58
61,7,58
61,0,59
61,1,59
61,2,59
61,3,59
61,6,65
61,7,65
61,0,66
61,1,66
61,2,66
61,3,66
61,4,66
61,5,66
61,0,73
61,1,73
61,2,73
61,3,73
61,2,80
61,3,80
61,4,80
61,5,80
61,0,87
61,1,87
61,2,87
61,3,87
61,4,87
61,5,87
61,2,94
61,3,94
61,4,94
61,5,94
61,6,94
61,7,94
61,4,101
61,5,101
61,6,101
61,7,101
61,0,102
61,1,102
61,4,108
61,5,108
61,6,108
61,7,108
61,4,115
61,5,115
61,6,115
61,7,115
61,0,116
61,1,116
61,6,122
61,7,122
61,0,123
61,1,123
61,6,129
61,7,129
61,0,130
61,1,130
61,2,130
61,3,130
61,6,136
61,7,136
61,0,137
61,1,137
61,6,143
61,7,143
61,0,144
61,1,144
61,6,150
61,7,150
61,0,151
61,1,151
61,0,158
61,1,158
61,2,158
61,3,158
61,0,165
61,1,165
61,2,165
61,3,165
62,4,30
62,5,30
62,4,37
62,5,37
62,4,44
62,5,44
62,6,44
62,7,44
62,6,51
62,7,51
62,0,52
62,1,52
62,2,52
62,3,52
62,6,58
62,7,58
62,0,59
62,1,59
62,0,66
62,1,66
62,2,66
62,3,66
62,4,66
62,5,66
62,0,73
62,1,73
62,2,73
62,3,73
62,4,73
62,5,73
62,0,80
62,1,80
62,2,80
62,3,80
62,4,80
62,5,80
62,2,87
62,3,87
62,4,87
62,5,87
62,2,94
62,3,94
62,6,94
62,7,94
62,4,101
62,5,101
62,6,101
62,7,101
62,0,102
62,1,102
62,4,108
62,5,108
62,6,108
62,7,108
62,4,115
62,5,115
62,6,115
62,7,115
62,4,122
62,5,122
62,6,122
62,7,122
62,0,123
62,1,123
62,6,129
62,7,129
62,0,130
62,1,130
62,6,136
62,7,136
62,0,137
62,1,137
62,0,144
62,1,144
62,2,144
62,3,144
62,6,150
62,7,150
62,0,151
62,1,151
62,2,151
62,3,151
62,0,158
62,1,158
62,2,158
62,3,158
62,0,165
62,1,165
62,2,165
62,3,165
62,4,165
62,5,165
63,4,30
63,5,30
63,6,30
63,7,30
63,2,37
63,3,37
63,4,37
63,5,37
63,4,44
63,5,44
63,6,44
63,7,44
63,4,51
63,5,51
63,6,51
63,7,51
63,0,52
63,1,52
63,6,58
63,7,58
63,0,59
63,1,59
63,2,59
63,3,59
63,6,65
63,7,65
63,0,66
63,1,66
63,2,66
63,3,66
63,0,73
63,1,73
63,2,73
63,3,73
63,4,73
63,5,73
63,2,80
63,3,80
63,4,80
63,5,80
63,2,87
63,3,87
63,4,87
63,5,87
63,2,94
63,3,94
63,4,94
63,5,94
63,6,94
63,7,94
63,2,101
63,3,101
63,4,101
63,5,101
63,6,101
63,7,101
63,4,108
63,5,108
63,6,108
63,7,108
63,0,109
63,1,109
63,4,115
63,5,115
63,6,115
63,7,115
63,0,116
63,1,116
63,6,122
63,7,122
63,0,123
63,1,123
63,6,129
63,7,129
63,0,130
63,1,130
63,4,136
63,5,136
63,6,136
63,7,136
63,0,137
63,1,137
63,6,143
63,7,143
63,0,144
63,1,144
63,2,144
63,3,144
63,0,151
63,1,151
63,2,151
63,3,151
63,6,157
63,7,157
63,0,158
63,1,158
63,2,158
63,3,158
63,0,165
63,1,165
63,2,165
63,3,165
64,4,30
64,5,30
64,6,30
64,7,30
64,4,37
64,5,37
64,6,37
64,7,37
64,4,44
64,5,44
64,6,44
64,7,44
64,6,51
64,7,51
64,0,52
64,1,52
64,2,52
64,3,52
64,6,58
64,7,58
64,0,59
64,1,59
64,2,59
64,3,59
64,0,66
64,1,66
64,2,66
64,3,66
64,4,66
64,5,66
64,0,73
64,1,73
64,2,73
64,3,73
64,0,80
64,1,80
64,2,80
64,3,80
64,4,80
64,5,80
64,0,87
64,1,87
64,2,87
64,3,87
64,4,87
64,5,87
64,6,87
64,7,87
64,2,94
64,3,94
64,4,94
64,5,94
64,6,94
64,7,94
64,2,101
64,3,101
64,4,101
64,5,101
64,6,101
64,7,101
64,4,108
64,5,108
64,6,108
64,7,108
64,0,109
64,1,109
64,4,115
64,5,115
64,6,115
64,7,115
64,4,122
64,5,122
64,6,122
64,7,122
64,0,123
64,1,123
64,6,129
64,7,129
64,0,130
64,1,130
64,2,130
64,3,130
64,6,136
64,7,136
64,0,137
64,1,137
64,2,137
64,3,137
64,0,144
64,1,144
64,2,144
64,3,144
64,0,151
64,1,151
64,2,151
64,3,151
64,6,157
64,7,157
64,0,158
64,1,158
64,2,158
64,3,158
64,2,165
64,3,165
65,4,37
65,5,37
65,4,44
65,5,44
65,6,44
65,7,44
65,0,45
65,1,45
65,6,51
65,7,51
65,0,52
65,1,52
65,2,52
65,3,52
65,6,58
65,7,58
65,0,59
65,1,59
65,2,59
65,3,59
65,6,65
65,7,65
65,0,66
65,1,66
65,2,66
65,3,66
65,4,66
65,5,66
65,0,73
65,1,73
65,2,73
65,3,73
65,0,80
65,1,80
65,2,80
65,3,80
65,4,80
65,5,80
65,0,87
65,1,87
65,2,87
65,3,87
65,4,87
65,5,87
65,6,87
65,7,87
65,2,94
65,3,94
65,4,94
65,5,94
65,6,94
65,7,94
65,4,101
65,5,101
65,6,101
65,7,101
65,4,108
65,5,108
65,6,108
65,7,108
65,4,115
65,5,115
65,6,115
65,7,115
65,4,122
65,5,122
65,6,122
65,7,122
65,0,123
65,1,123
65,6,129
65,7,129
65,0,130
65,1,130
65,2,130
65,3,130
65,6,136
65,7,136
65,0,137
65,1,137
65,0,144
65,1,144
65,2,144
65,3,144
65,0,151
65,1,151
65,2,151
65,3,151
65,0,158
65,1,158
65,2,158
65,3,158
66,6,30
66,7,30
66,4,37
66,5,37
66,6,37
66,7,37
66,4,44
66,5,44
66,6,44
66,7,44
66,6,51
66,7,51
66,0,52
66,1,52
66,6,58
66,7,58
66,0,59
66,1,59
66,6,65
66,7,65
66,0,66
66,1,66
66,2,66
66,3,66
66,0,73
66,1,73
66,2,73
66,3,73
66,4,73
66,5,73
66,0,80
66,1,80
66,2,80
66,3,80
66,4,80
66,5,80
66,0,87
66,1,87
66,2,87
66,3,87
66,4,87
66,5,87
66,2,94
66,3,94
66,4,94
66,5,94
66,2,101
66,3,101
66,4,101
66,5,101
66,6,101
66,7,101
66,0,102
66,1,102
66,4,108
66,5,108
66,6,108
66,7,108
66,0,109
66,1,109
66,6,115
66,7,115
66,4,122
66,5,122
66,6,122
66,7,122
66,0,123
66,1,123
66,0,130
66,1,130
66,4,136
66,5,136
66,6,136
66,7,136
66,0,137
66,1,137
66,2,137
66,3,137
66,6,143
66,7,143
66,0,144
66,1,144
66,2,144
66,3,144
66,0,151
66,1,151
66,2,151
66,3,151
66,6,157
66,7,157
66,0,158
66,1,158
66,2,158
66,3,158
66,0,165
66,1,165
66,2,165
66,3,165
67,4,30
67,5,30
67,6,30
67,7,30
67,6,37
67,7,37
67,0,38
67,1,38
67,4,44
67,5,44
67,6,44
67,7,44
67,6,51
67,7,51
67,0,52
67,1,52
67,2,52
67,3,52
67,6,58
67,7,58
67,2,59
67,3,59
67,6,65
67,7,65
67,0,66
67,1,66
67,2,66
67,3,66
67,0,73
67,1,73
67,2,73
67,3,73
67,0,80
67,1,80
67,2,80
67,3,80
67,4,80
67,5,80
67,2,87
67,3,87
67,4,87
67,5,87
67,2,94
67,3,94
67,4,94
67,5,94
67,6,94
67,7,94
67,2,101
67,3,101
67,4,101
67,5,101
67,6,101
67,7,101
67,0,102
67,1,102
67,2,108
67,3,108
67,4,108
67,5,108
67,6,108
67,7,108
67,0,109
67,1,109
67,4,115
67,5,115
67,6,115
67,7,115
67,0,116
67,1,116
67,4,122
67,5,122
67,6,122
67,7,122
67,0,123
67,1,123
67,6,129
67,7,129
67,0,130
67,1,130
67,2,130
67,3,130
67,6,136
67,7,136
67,0,137
67,1,137
67,6,143
67,7,143
67,0,144
67,1,144
67,2,144
67,3,144
67,0,151
67,1,151
67,2,151
67,3,151
67,6,157
67,7,157
67,0,158
67,1,158
67,2,158
67,3,158
67,2,165
67,3,165
68,4,30
68,5,30
68,6,30
68,7,30
68,4,37
68,5,37
68,6,37
68,7,37
68,6,44
68,7,44
68,6,51
68,7,51
68,0,52
68,1,52
68,6,58
68,7,58
68,0,59
68,1,59
68,2,59
68,3,59
68,0,66
68,1,66
68,2,66
68,3,66
68,4,66
68,5,66
68,0,73
68,1,73
68,2,73
68,3,73
68,4,73
68,5,73
68,0,80
68,1,80
68,2,80
68,3,80
68,2,87
68,3,87
68,4,87
68,5,87
68,2,94
68,3,94
68,4,94
68,5,94
68,6,94
68,7,94
68,2,101
68,3,101
68,4,101
68,5,101
68,6,101
68,7,101
68,4,108
68,5,108
68,6,108
68,7,108
68,0,109
68,1,109
68,4,115
68,5,115
68,6,115
68,7,115
68,0,116
68,1,116
68,4,122
68,5,122
68,6,122
68,7,122
68,0,123
68,1,123
68,6,129
68,7,129
68,6,136
68,7,136
68,0,137
68,1,137
68,2,137
68,3,137
68,6,143
68,7,143
68,0,144
68,1,144
68,2,144
68,3,144
68,0,151
68,1,151
68,2,151
68,3,151
68,6,157
68,7,157
68,0,158
68,1,158
68,2,158
68,3,158
69,4,37
69,5,37
69,6,37
69,7,37
69,4,44
69,5,44
69,6,44
69,7,44
69,6,51
69,7,51
69,0,52
69,1,52
69,2,52
69,3,52
69,6,58
69,7,58
69,0,59
69,1,59
69,2,59
69,3,59
69,6,65
69,7,65
69,0,66
69,1,66
69,2,66
69,3,66
69,4,66
69,5,66
69,6,72
69,7,72
69,0,73
69,1,73
69,2,73
69,3,73
69,0,80
69,1,80
69,2,80
69,3,80
69,4,80
69,5,80
69,0,87
69,1,87
69,2,87
69,3,87
69,4,87
69,5,87
69,6,87
69,7,87
69,0,94
69,1,94
69,2,94
69,3,94
69,4,94
69,5,94
69,6,94
69,7,94
69,2,101
69,3,101
69,4,101
69,5,101
69,6,101
69,7,101
69,0,102
69,1,102
69,4,108
69,5,108
69,6,108
69,7,108
69,0,109
69,1,109
69,4,115
69,5,115
69,6,115
69,7,115
69,0,116
69,1,116
69,4,122
69,5,122
69,6,122
69,7,122
69,0,123
69,1,123
69,6,129
69,7,129
69,0,130
69,1,130
69,2,130
69,3,130
69,4,136
69,5,136
69,6,136
69,7,136
69,0,137
69,1,137
69,2,137
69,3,137
69,0,144
69,1,144
69,2,144
69,3,144
69,6,150
69,7,150
69,0,151
69,1,151
69,2,151
69,3,151
69,0,158
69,1,158
69,2,158
69,3,158
69,2,165
69,3,165
69,4,165
69,5,165
70,6,30
70,7,30
70,4,37
70,5,37
70,6,37
70,7,37
70,4,44
70,5,44
70,6,44
70,7,44
70,0,45
70,1,45
70,6,51
70,7,51
70,0,52
70,1,52
70,6,58
70,7,58
70,0,59
70,1,59
70,6,65
70,7,65
70,0,66
70,1,66
70,2,66
70,3,66
70,0,73
70,1,73
70,2,73
70,3,73
70,4,73
70,5,73
70,2,80
70,3,80
70,4,80
70,5,80
70,2,87
70,3,87
70,4,87
70,5,87
70,2,94
70,3,94
70,4,94
70,5,94
70,6,94
70,7,94
70,2,101
70,3,101
70,4,101
70,5,101
70,6,101
70,7,101
70,4,108
70,5,108
70,6,108
70,7,108
70,4,115
70,5,115
70,6,115
70,7,115
70,0,116
70,1,116
70,4,122
70,5,122
70,6,122
70,7,122
70,0,123
70,1,123
70,4,129
70,5,129
70,6,129
70,7,129
70,0,130
70,1,130
70,2,130
70,3,130
70,6,136
70,7,136
70,0,137
70,1,137
70,6,143
70,7,143
70,0,144
70,1,144
70,2,144
70,3,144
70,6,150
70,7,150
70,0,151
70,1,151
70,2,151
70,3,151
70,0,158
70,1,158
70,2,158
70,3,158
70,2,165
70,3,165
71,6,30
71,7,30
71,4,37
71,5,37
71,6,37
71,7,37
71,4,44
71,5,44
71,6,44
71,7,44
71,6,51
71,7,51
71,0,52
71,1,52
71,2,52
71,3,52
71,6,58
71,7,58
71,0,59
71,1,59
71,2,59
71,3,59
71,6,65
71,7,65
71,0,66
71,1,66
71,2,66
71,3,66
71,0,73
71,1,73
71,2,73
71,3,73
71,4,73
71,5,73
71,0,80
71,1,80
71,2,80
71,3,80
71,4,80
71,5,80
71,2,87
71,3,87
71,4,87
71,5,87
71,2,94
71,3,94
71,4,94
71,5,94
71,6,94
71,7,94
71,2,101
71,3,101
71,4,101
71,5,101
71,6,101
71,7,101
71,0,102
71,1,102
71,2,108
71,3,108
71,4,108
71,5,108
71,6,108
71,7,108
71,4,115
71,5,115
71,6,115
71,7,115
71,6,122
71,7,122
71,0,123
71,1,123
71,6,129
71,7,129
71,0,130
71,1,130
71,2,130
71,3,130
71,6,136
71,7,136
71,0,137
71,1,137
71,2,137
71,3,137
71,6,143
71,7,143
71,0,144
71,1,144
71,2,144
71,3,144
71,6,150
71,7,150
71,0,151
71,1,151
71,2,151
71,3,151
71,0,158
71,1,158
71,0,165
71,1,165
71,2,165
71,3,165
71,4,165
71,5,165
72,4,30
72,5,30
72,4,37
72,5,37
72,6,37
72,7,37
72,0,38
72,1,38
72,4,44
72,5,44
72,6,44
72,7,44
72,6,51
72,7,51
72,0,52
72,1,52
72,6,58
72,7,58
72,0,59
72,1,59
72,2,59
72,3,59
72,6,65
72,7,65
72,0,66
72,1,66
72,2,66
72,3,66
72,6,72
72,7,72
72,0,73
72,1,73
72,2,73
72,3,73
72,4,73
72,5,73
72,0,80
72,1,80
72,2,80
72,3,80
72,4,80
72,5,80
72,0,87
72,1,87
72,2,87
72,3,87
72,4,87
72,5,87
72,2,94
72,3,94
72,4,94
72,5,94
72,2,101
72,3,101
72,4,101
72,5,101
72,6,101
72,7,101
72,4,108
72,5,108
72,6,108
72,7,108
72,0,109
72,1,109
72,4,115
72,5,115
72,6,115
72,7,115
72,6,122
72,7,122
72,0,123
72,1,123
72,6,129
72,7,129
72,0,130
72,1,130
72,6,136
72,7,136
72,0,137
72,1,137
72,6,143
72,7,143
72,0,144
72,1,144
72,2,144
72,3,144
72,0,151
72,1,151
72,2,151
72,3,151
72,0,158
72,1,158
72,2,158
72,3,158
72,2,165
72,3,165
72,4,165
72,5,165
73,6,30
73,7,30
73,4,37
73,5,37
73,6,37
73,7,37
73,4,44
73,5,44
73,6,44
73,7,44
73,0,45
73,1,45
73,4,51
73,5,51
73,6,51
73,7,51
73,0,52
73,1,52
73,6,58
73,7,58
73,0,59
73,1,59
73,2,59
73,3,59
73,6,65
73,7,65
73,0,66
73,1,66
73,2,66
73,3,66
73,4,66
73,5,66
73,0,73
73,1,73
73,2,73
73,3,73
73,0,80
73,1,80
73,2,80
73,3,80
73,0,87
73,1,87
73,2,87
73,3,87
73,4,87
73,5,87
73,0,94
73,1,94
73,2,94
73,3,94
73,4,94
73,5,94
73,6,94
73,7,94
73,4,101
73,5,101
73,6,101
73,7,101
73,4,108
73,5,108
73,6,108
73,7,108
73,4,115
73,5,115
73,6,115
73,7,115
73,0,116
73,1,116
73,4,122
73,5,122
73,6,122
73,7,122
73,0,123
73,1,123
73,6,129
73,7,129
73,0,130
73,1,130
73,4,136
73,5,136
73,6,136
73,7,136
73,0,137
73,1,137
73,6,143
73,7,143
73,0,144
73,1,144
73,2,144
73,3,144
73,6,150
73,7,150
73,0,151
73,1,151
73,2,151
73,3,151
73,0,158
73,1,158
73,2,158
73,3,158
73,2,165
73,3,165
73,4,165
73,5,165
74,4,37
74,5,37
74,6,37
74,7,37
74,0,38
74,1,38
74,4,44
74,5,44
74,6,44
74,7,44
74,4,51
74,5,51
74,6,51
74,7,51
74,0,52
74,1,52
74,2,52
74,3,52
74,6,58
74,7,58
74,0,59
74,1,59
74,2,59
74,3,59
74,6,65
74,7,65
74,0,66
74,1,66
74,2,66
74,3,66
74,0,73
74,1,73
74,2,73
74,3,73
74,4,73
74,5,73
74,0,80
74,1,80
74,2,80
74,3,80
74,4,80
74,5,80
74,0,87
74,1,87
74,2,87
74,3,87
74,4,87
74,5,87
74,2,94
74,3,94
74,4,94
74,5,94
74,2,101
74,3,101
74,4,101
74,5,101
74,6,101
74,7,101
74,0,102
74,1,102
74,4,108
74,5,108
74,6,108
74,7,108
74,4,115
74,5,115
74,6,115
74,7,115
74,0,116
74,1,116
74,6,122
74,7,122
74,0,123
74,1,123
74,6,129
74,7,129
74,0,130
74,1,130
74,2,130
74,3,130
74,6,136
74,7,136
74,0,137
74,1,137
74,2,137
74,3,137
74,6,143
74,7,143
74,0,144
74,1,144
74,6,150
74,7,150
74,0,151
74,1,151
74,2,151
74,3,151
74,6,157
74,7,157
74,0,158
74,1,158
74,2,158
74,3,158
74,0,165
74,1,165
74,2,165
74,3,165
75,4,30
75,5,30
75,6,30
75,7,30
75,4,37
75,5,37
75,6,37
75,7,37
75,4,44
75,5,44
75,6,44
75,7,44
75,6,51
75,7,51
75,0,52
75,1,52
75,6,58
75,7,58
75,0,59
75,1,59
75,6,65
75,7,65
75,0,66
75,1,66
75,2,66
75,3,66
75,4,66
75,5,66
75,6,72
75,7,72
75,0,73
75,1,73
75,2,73
75,3,73
75,4,80
75,5,80
75,0,87
75,1,87
75,2,87
75,3,87
75,4,87
75,5,87
75,2,94
75,3,94
75,4,94
75,5,94
75,6,94
75,7,94
75,2,101
75,3,101
75,4,101
75,5,101
75,6,101
75,7,101
75,4,108
75,5,108
75,6,108
75,7,108
75,4,115
75,5,115
75,6,115
75,7,115
75,6,122
75,7,122
75,0,123
75,1,123
75,6,129
75,7,129
75,0,130
75,1,130
75,6,136
75,7,136
75,0,137
75,1,137
75,0,144
75,1,144
75,2,144
75,3,144
75,6,150
75,7,150
75,0,151
75,1,151
75,2,151
75,3,151
75,0,158
75,1,158
75,2,158
75,3,158
75,2,165
75,3,165
76,4,30
76,5,30
76,6,30
76,7,30
76,4,37
76,5,37
76,6,37
76,7,37
76,4,44
76,5,44
76,6,44
76,7,44
76,6,51
76,7,51
76,0,52
76,1,52
76,2,52
76,3,52
76,6,58
76,7,58
76,0,59
76,1,59
76,2,59
76,3,59
76,0,66
76,1,66
76,2,66
76,3,66
76,6,72
76,7,72
76,0,73
76,1,73
76,2,73
76,3,73
76,4,73
76,5,73
76,0,80
76,1,80
76,2,80
76,3,80
76,4,80
76,5,80
76,0,87
76,1,87
76,2,87
76,3,87
76,4,87
76,5,87
76,2,94
76,3,94
76,4,94
76,5,94
76,4,101
76,5,101
76,6,101
76,7,101
76,4,108
76,5,108
76,6,108
76,7,108
76,0,109
76,1,109
76,4,115
76,5,115
76,6,115
76,7,115
76,6,122
76,7,122
76,0,123
76,1,123
76,6,129
76,7,129
76,0,130
76,1,130
76,6,136
76,7,136
76,0,137
76,1,137
76,6,143
76,7,143
76,0,144
76,1,144
76,2,144
76,3,144
76,0,151
76,1,151
76,2,151
76,3,151
76,0,158
76,1,158
76,2,158
76,3,158
76,2,165
76,3,165
76,4,165
76,5,165
77,4,30
77,5,30
77,4,37
77,5,37
77,6,37
77,7,37
77,4,44
77,5,44
77,6,44
77,7,44
77,0,52
77,1,52
77,6,58
77,7,58
77,0,59
77,1,59
77,2,59
77,3,59
77,6,65
77,7,65
77,0,66
77,1,66
77,2,66
77,3,66
77,4,66
77,5,66
77,6,72
77,7,72
77,0,73
77,1,73
77,2,73
77,3,73
77,2,80
77,3,80
77,2,87
77,3,87
77,4,87
77,5,87
77,0,94
77,1,94
77,2,94
77,3,94
77,4,94
77,5,94
77,6,94
77,7,94
77,2,101
77,3,101
77,4,101
77,5,101
77,6,101
77,7,101
77,0,102
77,1,102
77,4,108
77,5,108
77,6,108
77,7,108
77,0,109
77,1,109
77,4,115
77,5,115
77,6,115
77,7,115
77,0,116
77,1,116
77,6,122
77,7,122
77,0,123
77,1,123
77,6,129
77,7,129
77,0,130
77,1,130
77,2,130
77,3,130
77,6,136
77,7,136
77,0,137
77,1,137
77,0,144
77,1,144
77,2,144
77,3,144
77,0,151
77,1,151
77,2,151
77,3,151
77,6,157
77,7,157
77,0,158
77,1,158
77,2,158
77,3,158
77,0,165
77,1,165
78,2,30
78,3,30
78,4,30
78,5,30
78,4,37
78,5,37
78,6,37
78,7,37
78,4,44
78,5,44
78,6,44
78,7,44
78,0,45
78,1,45
78,6,51
78,7,51
78,0,52
78,1,52
78,2,52
78,3,52
78,6,58
78,7,58
78,0,59
78,1,59
78,6,65
78,7,65
78,0,66
78,1,66
78,2,66
78,3,66
78,4,66
78,5,66
78,6,72
78,7,72
78,0,73
78,1,73
78,2,73
78,3,73
78,4,73
78,5,73
78,2,80
78,3,80
78,4,80
78,5,80
78,2,87
78,3,87
78,4,87
78,5,87
78,0,94
78,1,94
78,2,94
78,3,94
78,4,94
78,5,94
78,4,101
78,5,101
78,6,101
78,7,101
78,4,108
78,5,108
78,6,108
78,7,108
78,0,109
78,1,109
78,4,115
78,5,115
78,6,115
78,7,115
78,4,122
78,5,122
78,6,122
78,7,122
78,0,123
78,1,123
78,6,129
78,7,129
78,0,130
78,1,130
78,6,136
78,7,136
78,0,137
78,1,137
78,2,137
78,3,137
78,6,143
78,7,143
78,0,144
78,1,144
78,2,144
78,3,144
78,6,150
78,7,150
78,0,151
78,1,151
78,2,151
78,3,151
78,0,158
78,1,158
78,2,158
78,3,158
79,4,30
79,5,30
79,6,30
79,7,30
79,4,37
79,5,37
79,6,37
79,7,37
79,4,44
79,5,44
79,6,44
79,7,44
79,0,45
79,1,45
79,6,51
79,7,51
79,0,52
79,1,52
79,6,58
79,7,58
79,0,59
79,1,59
79,6,65
79,7,65
79,0,66
79,1,66
79,2,66
79,3,66
79,0,73
79,1,73
79,2,73
79,3,73
79,0,80
79,1,80
79,2,80
79,3,80
79,4,80
79,5,80
79,0,87
79,1,87
79,2,87
79,3,87
79,4,87
79,5,87
79,0,94
79,1,94
79,2,94
79,3,94
79,4,94
79,5,94
79,6,94
79,7,94
79,2,101
79,3,101
79,4,101
79,5,101
79,6,101
79,7,101
79,0,102
79,1,102
79,4,108
79,5,108
79,6,108
79,7,108
79,0,109
79,1,109
79,4,115
79,5,115
79,6,115
79,7,115
79,0,116
79,1,116
79,6,122
79,7,122
79,6,129
79,7,129
79,0,130
79,1,130
79,6,136
79,7,136
79,0,137
79,1,137
79,2,137
79,3,137
79,0,144
79,1,144
79,2,144
79,3,144
79,6,150
79,7,150
79,0,151
79,1,151
79,2,151
79,3,151
79,0,158
79,1,158
79,2,158
79,3,158
79,4,158
79,5,158
79,0,165
79,1,165
79,2,165
79,3,165
80,4,30
80,5,30
80,2,37
80,3,37
80,4,37
80,5,37
80,6,37
80,7,37
80,4,44
80,5,44
80,6,44
80,7,44
80,6,51
80,7,51
80,0,52
80,1,52
80,6,58
80,7,58
80,0,59
80,1,59
80,2,59
80,3,59
80,0,66
80,1,66
80,2,66
80,3,66
80,6,72
80,7,72
80,0,73
80,1,73
80,2,73
80,3,73
80,4,73
80,5,73
80,0,80
80,1,80
80,2,80
80,3,80
80,4,80
80,5,80
80,0,87
80,1,87
80,2,87
80,3,87
80,4,87
80,5,87
80,2,94
80,3,94
80,4,94
80,5,94
80,6,94
80,7,94
80,2,101
80,3,101
80,4,101
80,5,101
80,6,101
80,7,101
80,4,108
80,5,108
80,6,108
80,7,108
80,0,109
80,1,109
80,4,115
80,5,115
80,6,115
80,7,115
80,0,116
80,1,116
80,6,122
80,7,122
80,0,123
80,1,123
80,6,129
80,7,129
80,0,130
80,1,130
80,2,130
80,3,130
80,6,136
80,7,136
80,0,137
80,1,137
80,6,143
80,7,143
80,0,144
80,1,144
80,6,150
80,7,150
80,0,151
80,1,151
80,2,151
80,3,151
80,0,158
80,1,158
80,2,158
80,3,158
80,4,158
80,5,158
80,0,165
80,1,165
81,4,30
81,5,30
81,6,37
81,7,37
81,4,44
81,5,44
81,6,44
81,7,44
81,0,45
81,1,45
81,4,51
81,5,51
81,6,51
81,7,51
81,0,52
81,1,52
81,2,52
81,3,52
81,6,58
81,7,58
81,0,59
81,1,59
81,6,65
81,7,65
81,0,66
81,1,66
81,2,66
81,3,66
81,6,72
81,7,72
81,0,73
81,1,73
81,2,73
81,3,73
81,4,73
81,5,73
81,0,80
81,1,80
81,2,80
81,3,80
81,4,80
81,5,80
81,0,87
81,1,87
81,2,87
81,3,87
81,4,87
81,5,87
81,0,94
81,1,94
81,2,94
81,3,94
81,4,94
81,5,94
81,6,94
81,7,94
81,2,101
81,3,101
81,4,101
81,5,101
81,6,101
81,7,101
81,0,102
81,1,102
81,4,108
81,5,108
81,6,108
81,7,108
81,4,115
81,5,115
81,6,115
81,7,115
81,0,116
81,1,116
81,4,122
81,5,122
81,6,122
81,7,122
81,0,123
81,1,123
81,6,129
81,7,129
81,0,130
81,1,130
81,6,136
81,7,136
81,0,137
81,1,137
81,2,137
81,3,137
81,6,143
81,7,143
81,0,144
81,1,144
81,2,144
81,3,144
81,6,150
81,7,150
81,0,151
81,1,151
81,2,151
81,3,151
81,0,158
81,1,158
81,2,158
81,3,158
81,0,165
81,1,165
81,2,165
81,3,165
82,2,37
82,3,37
82,4,37
82,5,37
82,6,37
82,7,37
82,6,44
82,7,44
82,6,51
82,7,51
82,0,52
82,1,52
82,6,58
82,7,58
82,0,59
82,1,59
82,2,59
82,3,59
82,6,65
82,7,65
82,0,66
82,1,66
82,2,66
82,3,66
82,4,66
82,5,66
82,6,72
82,7,72
82,0,73
82,1,73
82,2,73
82,3,73
82,4,73
82,5,73
82,0,80
82,1,80
82,2,80
82,3,80
82,4,80
82,5,80
82,2,87
82,3,87
82,4,87
82,5,87
82,2,94
82,3,94
82,4,94
82,5,94
82,6,94
82,7,94
82,4,101
82,5,101
82,6,101
82,7,101
82,0,102
82,1,102
82,4,108
82,5,108
82,6,108
82,7,108
82,0,109
82,1,109
82,4,115
82,5,115
82,6,115
82,7,115
82,0,116
82,1,116
82,6,122
82,7,122
82,0,123
82,1,123
82,6,129
82,7,129
82,0,130
82,1,130
82,6,136
82,7,136
82,0,137
82,1,137
82,6,143
82,7,143
82,0,144
82,1,144
82,6,150
82,7,150
82,0,151
82,1,151
82,2,151
82,3,151
82,0,158
82,1,158
82,2,158
82,3,158
83,4,30
83,5,30
83,4,37
83,5,37
83,6,37
83,7,37
83,4,44
83,5,44
83,6,44
83,7,44
83,0,45
83,1,45
83,6,51
83,7,51
83,0,52
83,1,52
83,6,58
83,7,58
83,0,59
83,1,59
83,6,65
83,7,65
83,0,66
83,1,66
83,2,66
83,3,66
83,4,66
83,5,66
83,0,73
83,1,73
83,2,73
83,3,73
83,4,73
83,5,73
83,2,80
83,3,80
83,4,80
83,5,80
83,0,87
83,1,87
83,2,87
83,3,87
83,4,87
83,5,87
83,2,94
83,3,94
83,4,94
83,5,94
83,6,94
83,7,94
83,4,101
83,5,101
83,6,101
83,7,101
83,0,102
83,1,102
83,4,108
83,5,108
83,6,108
83,7,108
83,0,109
83,1,109
83,4,115
83,5,115
83,6,115
83,7,115
83,0,116
83,1,116
83,6,122
83,7,122
83,0,123
83,1,123
83,4,129
83,5,129
83,6,129
83,7,129
83,0,130
83,1,130
83,6,136
83,7,136
83,0,137
83,1,137
83,2,137
83,3,137
83,6,143
83,7,143
83,0,144
83,1,144
83,2,144
83,3,144
83,6,150
83,7,150
83,0,151
83,1,151
83,2,151
83,3,151
83,0,158
83,1,158
83,2,158
83,3,158
83,2,165
83,3,165
84,4,30
84,5,30
84,4,37
84,5,37
84,6,37
84,7,37
84,4,44
84,5,44
84,6,44
84,7,44
84,0,45
84,1,45
84,6,51
84,7,51
84,0,52
84,1,52
84,6,58
84,7,58
84,0,59
84,1,59
84,2,59
84,3,59
84,6,65
84,7,65
84,0,66
84,1,66
84,2,66
84,3,66
84,4,66
84,5,66
84,0,73
84,1,73
84,2,73
84,3,73
84,4,73
84,5,73
84,0,80
84,1,80
84,2,80
84,3,80
84,4,80
84,5,80
84,2,87
84,3,87
84,4,87
84,5,87
84,6,87
84,7,87
84,2,94
84,3,94
84,4,94
84,5,94
84,2,101
84,3,101
84,4,101
84,5,101
84,6,101
84,7,101
84,0,102
84,1,102
84,4,108
84,5,108
84,6,108
84,7,108
84,0,109
84,1,109
84,4,115
84,5,115
84,6,115
84,7,115
84,0,116
84,1,116
84,6,122
84,7,122
84,0,123
84,1,123
84,2,123
84,3,123
84,6,129
84,7,129
84,0,130
84,1,130
84,6,136
84,7,136
84,0,137
84,1,137
84,0,144
84,1,144
84,2,144
84,3,144
84,6,150
84,7,150
84,0,151
84,1,151
84,2,151
84,3,151
84,6,157
84,7,157
84,0,158
84,1,158
84,2,158
84,3,158
84,2,165
84,3,165
85,4,30
85,5,30
85,4,37
85,5,37
85,6,37
85,7,37
85,4,44
85,5,44
85,6,44
85,7,44
85,6,51
85,7,51
85,0,52
85,1,52
85,6,58
85,7,58
85,0,59
85,1,59
85,2,59
85,3,59
85,0,66
85,1,66
85,2,66
85,3,66
85,0,73
85,1,73
85,2,73
85,3,73
85,4,73
85,5,73
85,0,80
85,1,80
85,2,80
85,3,80
85,4,80
85,5,80
85,0,87
85,1,87
85,2,87
85,3,87
85,0,94
85,1,94
85,2,94
85,3,94
85,4,94
85,5,94
85,4,101
85,5,101
85,6,101
85,7,101
85,0,102
85,1,102
85,4,108
85,5,108
85,6,108
85,7,108
85,0,109
85,1,109
85,4,115
85,5,115
85,6,115
85,7,115
85,6,122
85,7,122
85,0,123
85,1,123
85,6,129
85,7,129
85,0,130
85,1,130
85,2,130
85,3,130
85,6,136
85,7,136
85,0,137
85,1,137
85,2,137
85,3,137
85,6,143
85,7,143
85,0,144
85,1,144
85,2,144
85,3,144
85,6,150
85,7,150
85,0,151
85,1,151
85,2,151
85,3,151
85,0,158
85,1,158
85,2,158
85,3,158
85,0,165
85,1,165
85,2,165
85,3,165
85,4,165
85,5,165
86,4,30
86,5,30
86,4,37
86,5,37
86,6,37
86,7,37
86,0,38
86,1,38
86,4,44
86,5,44
86,6,44
86,7,44
86,6,51
86,7,51
86,0,52
86,1,52
86,6,58
86,7,58
86,0,59
86,1,59
86,2,59
86,3,59
86,6,65
86,7,65
86,0,66
86,1,66
86,2,66
86,3,66
86,4,66
86,5,66
86,0,73
86,1,73
86,2,73
86,3,73
86,0,80
86,1,80
86,2,80
86,3,80
86,4,80
86,5,80
86,0,87
86,1,87
86,2,87
86,3,87
86,4,87
86,5,87
86,0,94
86,1,94
86,2,94
86,3,94
86,4,94
86,5,94
86,6,94
86,7,94
86,2,101
86,3,101
86,4,101
86,5,101
86,6,101
86,7,101
86,0,102
86,1,102
86,4,108
86,5,108
86,6,108
86,7,108
86,4,115
86,5,115
86,6,115
86,7,115
86,4,122
86,5,122
86,6,122
86,7,122
86,0,123
86,1,123
86,6,129
86,7,129
86,0,130
86,1,130
86,6,136
86,7,136
86,0,137
86,1,137
86,0,144
86,1,144
86,2,144
86,3,144
86,0,151
86,1,151
86,2,151
86,3,151
86,0,158
86,1,158
86,2,158
86,3,158
86,2,165
86,3,165
87,4,30
87,5,30
87,4,37
87,5,37
87,6,37
87,7,37
87,4,44
87,5,44
87,6,44
87,7,44
87,0,45
87,1,45
87,4,51
87,5,51
87,6,51
87,7,51
87,0,52
87,1,52
87,2,52
87,3,52
87,6,58
87,7,58
87,0,59
87,1,59
87,2,59
87,3,59
87,6,65
87,7,65
87,2,66
87,3,66
87,4,66
87,5,66
87,0,73
87,1,73
87,2,73
87,3,73
87,4,73
87,5,73
87,2,80
87,3,80
87,4,80
87,5,80
87,0,87
87,1,87
87,2,87
87,3,87
87,0,94
87,1,94
87,2,94
87,3,94
87,4,94
87,5,94
87,2,101
87,3,101
87,4,101
87,5,101
87,6,101
87,7,101
87,2,108
87,3,108
87,4,108
87,5,108
87,6,108
87,7,108
87,0,109
87,1,109
87,4,115
87,5,115
87,6,115
87,7,115
87,0,116
87,1,116
87,4,122
87,5,122
87,6,122
87,7,122
87,0,123
87,1,123
87,6,129
87,7,129
87,0,130
87,1,130
87,6,136
87,7,136
87,0,137
87,1,137
87,6,143
87,7,143
87,0,144
87,1,144
87,2,144
87,3,144
87,0,151
87,1,151
87,2,151
87,3,151
87,0,158
87,1,158
87,2,158
87,3,158
87,4,158
87,5,158
87,0,165
87,1,165
87,2,165
87,3,165
88,4,30
88,5,30
88,4,37
88,5,37
88,0,38
88,1,38
88,4,44
88,5,44
88,6,44
88,7,44
88,0,45
88,1,45
88,6,51
88,7,51
88,0,52
88,1,52
88,6,58
88,7,58
88,0,59
88,1,59
88,2,59
88,3,59
88,6,65
88,7,65
88,0,66
88,1,66
88,2,66
88,3,66
88,2,73
88,3,73
88,0,80
88,1,80
88,2,80
88,3,80
88,4,80
88,5,80
88,2,87
88,3,87
88,4,87
88,5,87
88,2,94
88,3,94
88,4,94
88,5,94
88,4,101
88,5,101
88,6,101
88,7,101
88,0,102
88,1,102
88,2,108
88,3,108
88,4,108
88,5,108
88,6,108
88,7,108
88,0,109
88,1,109
88,4,115
88,5,115
88,6,115
88,7,115
88,0,116
88,1,116
88,6,122
88,7,122
88,0,123
88,1,123
88,6,129
88,7,129
88,0,130
88,1,130
88,6,136
88,7,136
88,0,137
88,1,137
88,2,137
88,3,137
88,6,143
88,7,143
88,0,144
88,1,144
88,2,144
88,3,144
88,6,150
88,7,150
88,0,151
88,1,151
88,2,151
88,3,151
88,0,158
88,1,158
88,2,158
88,3,158
88,0,165
88,1,165
88,2,165
88,3,165
89,4,37
89,5,37
89,6,37
89,7,37
89,4,44
89,5,44
89,6,44
89,7,44
89,4,51
89,5,51
89,6,51
89,7,51
89,0,52
89,1,52
89,2,52
89,3,52
89,6,58
89,7,58
89,0,59
89,1,59
89,2,59
89,3,59
89,0,66
89,1,66
89,2,66
89,3,66
89,0,73
89,1,73
89,2,73
89,3,73
89,4,73
89,5,73
89,2,80
89,3,80
89,4,80
89,5,80
89,0,87
89,1,87
89,2,87
89,3,87
89,4,87
89,5,87
89,2,94
89,3,94
89,4,94
89,5,94
89,2,101
89,3,101
89,4,101
89,5,101
89,6,101
89,7,101
89,4,108
89,5,108
89,6,108
89,7,108
89,4,115
89,5,115
89,6,115
89,7,115
89,0,116
89,1,116
89,6,122
89,7,122
89,0,123
89,1,123
89,6,129
89,7,129
89,0,130
89,1,130
89,4,136
89,5,136
89,6,136
89,7,136
89,0,137
89,1,137
89,2,137
89,3,137
89,6,143
89,7,143
89,0,144
89,1,144
89,2,144
89,3,144
89,6,150
89,7,150
89,0,151
89,1,151
89,0,158
89,1,158
89,2,158
89,3,158
90,4,30
90,5,30
90,4,37
90,5,37
90,6,37
90,7,37
90,4,44
90,5,44
90,6,44
90,7,44
90,6,51
90,7,51
90,0,52
90,1,52
90,6,58
90,7,58
90,2,59
90,3,59
90,6,65
90,7,65
90,0,66
90,1,66
90,2,66
90,3,66
90,4,66
90,5,66
90,6,72
90,7,72
90,0,73
90,1,73
90,2,73
90,3,73
90,4,73
90,5,73
90,0,80
90,1,80
90,2,80
90,3,80
90,4,80
90,5,80
90,0,87
90,1,87
90,2,87
90,3,87
90,4,87
90,5,87
90,2,94
90,3,94
90,4,94
90,5,94
90,6,94
90,7,94
90,4,101
90,5,101
90,6,101
90,7,101
90,0,102
90,1,102
90,4,108
90,5,108
90,6,108
90,7,108
90,0,109
90,1,109
90,4,115
90,5,115
90,6,115
90,7,115
90,4,122
90,5,122
90,6,122
90,7,122
90,0,123
90,1,123
90,6,129
90,7,129
90,0,130
90,1,130
90,6,136
90,7,136
90,0,137
90,1,137
90,6,143
90,7,143
90,0,144
90,1,144
90,2,144
90,3,144
90,0,151
90,1,151
90,0,158
90,1,158
90,2,158
90,3,158
90,0,165
90,1,165
90,4,165
90,5,165
91,4,30
91,5,30
91,2,37
91,3,37
91,4,37
91,5,37
91,4,44
91,5,44
91,6,44
91,7,44
91,6,51
91,7,51
91,0,52
91,1,52
91,6,58
91,7,58
91,0,59
91,1,59
91,2,59
91,3,59
91,0,66
91,1,66
91,2,66
91,3,66
91,0,73
91,1,73
91,2,73
91,3,73
91,2,80
91,3,80
91,4,80
91,5,80
91,0,87
91,1,87
91,2,87
91,3,87
91,4,87
91,5,87
91,0,94
91,1,94
91,2,94
91,3,94
91,4,94
91,5,94
91,2,101
91,3,101
91,4,101
91,5,101
91,6,101
91,7,101
91,4,108
91,5,108
91,6,108
91,7,108
91,4,115
91,5,115
91,6,115
91,7,115
91,6,122
91,7,122
91,0,123
91,1,123
91,4,129
91,5,129
91,6,129
91,7,129
91,0,130
91,1,130
91,2,130
91,3,130
91,6,136
91,7,136
91,0,137
91,1,137
91,0,144
91,1,144
91,2,144
91,3,144
91,6,150
91,7,150
91,0,151
91,1,151
91,2,151
91,3,151
91,6,157
91,7,157
91,0,158
91,1,158
91,2,158
91,3,158
91,4,158
91,5,158
91,0,165
91,1,165
92,4,30
92,5,30
92,6,30
92,7,30
92,4,37
92,5,37
92,6,37
92,7,37
92,4,44
92,5,44
92,6,44
92,7,44
92,6,51
92,7,51
92,0,52
92,1,52
92,6,58
92,7,58
92,0,59
92,1,59
92,2,59
92,3,59
92,6,65
92,7,65
92,0,66
92,1,66
92,2,66
92,3,66
92,0,73
92,1,73
92,2,73
92,3,73
92,0,80
92,1,80
92,2,80
92,3,80
92,4,80
92,5,80
92,0,87
92,1,87
92,2,87
92,3,87
92,4,87
92,5,87
92,4,94
92,5,94
92,6,94
92,7,94
92,2,101
92,3,101
92,4,101
92,5,101
92,6,101
92,7,101
92,0,102
92,1,102
92,4,108
92,5,108
92,6,108
92,7,108
92,4,115
92,5,115
92,6,115
92,7,115
92,0,116
92,1,116
92,6,122
92,7,122
92,0,123
92,1,123
92,6,129
92,7,129
92,0,130
92,1,130
92,2,130
92,3,130
92,6,136
92,7,136
92,0,137
92,1,137
92,2,137
92,3,137
92,6,143
92,7,143
92,0,144
92,1,144
92,2,144
92,3,144
92,6,150
92,7,150
92,0,151
92,1,151
92,2,151
92,3,151
92,0,158
92,1,158
92,2,158
92,3,158
92,0,165
92,1,165
93,4,30
93,5,30
93,4,37
93,5,37
93,6,37
93,7,37
93,4,44
93,5,44
93,6,44
93,7,44
93,0,45
93,1,45
93,0,52
93,1,52
93,6,58
93,7,58
93,0,59
93,1,59
93,2,59
93,3,59
93,6,65
93,7,65
93,0,66
93,1,66
93,2,66
93,3,66
93,4,66
93,5,66
93,6,72
93,7,72
93,0,73
93,1,73
93,2,73
93,3,73
93,4,73
93,5,73
93,2,80
93,3,80
93,4,80
93,5,80
93,2,87
93,3,87
93,4,87
93,5,87
93,2,94
93,3,94
93,4,94
93,5,94
93,6,94
93,7,94
93,2,101
93,3,101
93,4,101
93,5,101
93,6,101
93,7,101
93,0,102
93,1,102
93,4,108
93,5,108
93,6,108
93,7,108
93,0,109
93,1,109
93,4,115
93,5,115
93,6,115
93,7,115
93,0,116
93,1,116
93,4,122
93,5,122
93,6,122
93,7,122
93,0,123
93,1,123
93,6,129
93,7,129
93,0,130
93,1,130
93,2,130
93,3,130
93,6,136
93,7,136
93,0,137
93,1,137
93,2,137
93,3,137
93,6,143
93,7,143
93,0,144
93,1,144
93,0,151
93,1,151
93,2,151
93,3,151
93,0,158
93,1,158
93,2,158
93,3,158
94,4,30
94,5,30
94,4,37
94,5,37
94,6,37
94,7,37
94,4,44
94,5,44
94,6,44
94,7,44
94,4,51
94,5,51
94,6,51
94,7,51
94,0,52
94,1,52
94,6,58
94,7,58
94,0,59
94,1,59
94,6,65
94,7,65
94,0,66
94,1,66
94,2,66
94,3,66
94,0,73
94,1,73
94,2,73
94,3,73
94,4,73
94,5,73
94,0,80
94,1,80
94,2,80
94,3,80
94,4,80
94,5,80
94,0,87
94,1,87
94,2,87
94,3,87
94,4,87
94,5,87
94,2,94
94,3,94
94,4,94
94,5,94
94,4,101
94,5,101
94,6,101
94,7,101
94,4,108
94,5,108
94,6,108
94,7,108
94,0,109
94,1,109
94,4,115
94,5,115
94,6,115
94,7,115
94,6,122
94,7,122
94,0,123
94,1,123
94,6,129
94,7,129
94,0,130
94,1,130
94,6,136
94,7,136
94,0,137
94,1,137
94,6,143
94,7,143
94,0,144
94,1,144
94,2,144
94,3,144
94,6,150
94,7,150
94,0,151
94,1,151
94,2,151
94,3,151
94,6,157
94,7,157
94,0,158
94,1,158
94,2,158
94,3,158
94,0,165
94,1,165
94,2,165
94,3,165
95,4,37
95,5,37
95,6,37
95,7,37
95,6,44
95,7,44
95,6,51
95,7,51
95,0,52
95,1,52
95,2,52
95,3,52
95,0,59
95,1,59
95,2,59
95,3,59
95,6,65
95,7,65
95,0,66
95,1,66
95,2,66
95,3,66
95,0,73
95,1,73
95,2,73
95,3,73
95,4,73
95,5,73
95,0,80
95,1,80
95,2,80
95,3,80
95,4,80
95,5,80
95,0,87
95,1,87
95,2,87
95,3,87
95,4,87
95,5,87
95,2,94
95,3,94
95,4,94
95,5,94
95,6,94
95,7,94
95,2,101
95,3,101
95,4,101
95,5,101
95,6,101
95,7,101
95,0,102
95,1,102
95,4,108
95,5,108
95,6,108
95,7,108
95,4,115
95,5,115
95,6,115
95,7,115
95,0,116
95,1,116
95,6,122
95,7,122
95,0,123
95,1,123
95,6,129
95,7,129
95,0,130
95,1,130
95,6,136
95,7,136
95,0,137
95,1,137
95,2,137
95,3,137
95,6,143
95,7,143
95,0,144
95,1,144
95,2,144
95,3,144
95,6,150
95,7,150
95,0,151
95,1,151
95,2,151
95,3,151
95,0,158
95,1,158
95,2,158
95,3,158
95,4,158
95,5,158
95,0,165
95,1,165
95,2,165
95,3,165
96,4,30
96,5,30
96,6,30
96,7,30
96,2,37
96,3,37
96,4,37
96,5,37
96,6,37
96,7,37
96,4,44
96,5,44
96,6,44
96,7,44
96,0,45
96,1,45
96,4,51
96,5,51
96,6,51
96,7,51
96,0,52
96,1,52
96,6,58
96,7,58
96,0,59
96,1,59
96,2,59
96,3,59
96,6,65
96,7,65
96,0,66
96,1,66
96,2,66
96,3,66
96,0,73
96,1,73
96,2,73
96,3,73
96,0,80
96,1,80
96,2,80
96,3,80
96,0,87
96,1,87
96,2,87
96,3,87
96,4,87
96,5,87
96,2,94
96,3,94
96,4,94
96,5,94
96,6,94
96,7,94
96,4,101
96,5,101
96,6,101
96,7,101
96,0,102
96,1,102
96,4,108
96,5,108
96,6,108
96,7,108
96,0,109
96,1,109
96,4,115
96,5,115
96,6,115
96,7,115
96,0,116
96,1,116
96,6,122
96,7,122
96,0,123
96,1,123
96,6,129
96,7,129
96,0,130
96,1,130
96,6,136
96,7,136
96,0,137
96,1,137
96,2,137
96,3,137
96,0,144
96,1,144
96,2,144
96,3,144
96,6,150
96,7,150
96,0,151
96,1,151
96,2,151
96,3,151
96,0,158
96,1,158
96,2,158
96,3,158
96,0,165
96,1,165
96,2,165
96,3,165
96,4,165
96,5,165
97,4,30
97,5,30
97,6,30
97,7,30
97,4,37
97,5,37
97,6,37
97,7,37
97,4,44
97,5,44
97,6,44
97,7,44
97,4,51
97,5,51
97,6,51
97,7,51
97,0,52
97,1,52
97,6,58
97,7,58
97,0,59
97,1,59
97,6,65
97,7,65
97,0,66
97,1,66
97,2,66
97,3,66
97,6,72
97,7,72
97,0,73
97,1,73
97,2,73
97,3,73
97,2,80
97,3,80
97,4,80
97,5,80
97,0,87
97,1,87
97,2,87
97,3,87
97,4,87
97,5,87
97,2,94
97,3,94
97,4,94
97,5,94
97,4,101
97,5,101
97,6,101
97,7,101
97,0,102
97,1,102
97,4,108
97,5,108
97,6,108
97,7,108
97,0,109
97,1,109
97,4,115
97,5,115
97,6,115
97,7,115
97,0,116
97,1,116
97,4,122
97,5,122
97,6,122
97,7,122
97,0,123
97,1,123
97,6,129
97,7,129
97,0,130
97,1,130
97,6,136
97,7,136
97,0,137
97,1,137
97,0,144
97,1,144
97,2,144
97,3,144
97,6,150
97,7,150
97,0,151
97,1,151
97,2,151
97,3,151
97,6,157
97,7,157
97,0,158
97,1,158
97,2,158
97,3,158
97,0,165
97,1,165
97,2,165
97,3,165
98,4,30
98,5,30
98,2,37
98,3,37
98,4,37
98,5,37
98,6,37
98,7,37
98,4,44
98,5,44
98,6,44
98,7,44
98,0,45
98,1,45
98,6,51
98,7,51
98,0,52
98,1,52
98,6,58
98,7,58
98,0,59
98,1,59
98,2,59
98,3,59
98,0,66
98,1,66
98,2,66
98,3,66
98,0,73
98,1,73
98,2,73
98,3,73
98,4,73
98,5,73
98,0,80
98,1,80
98,2,80
98,3,80
98,4,80
98,5,80
98,0,87
98,1,87
98,2,87
98,3,87
98,4,87
98,5,87
98,6,87
98,7,87
98,0,94
98,1,94
98,2,94
98,3,94
98,4,94
98,5,94
98,6,94
98,7,94
98,4,101
98,5,101
98,6,101
98,7,101
98,4,108
98,5,108
98,6,108
98,7,108
98,0,109
98,1,109
98,4,115
98,5,115
98,6,115
98,7,115
98,0,116
98,1,116
98,4,122
98,5,122
98,6,122
98,7,122
98,0,123
98,1,123
98,4,129
98,5,129
98,6,129
98,7,129
98,0,130
98,1,130
98,2,130
98,3,130
98,6,136
98,7,136
98,0,137
98,1,137
98,6,143
98,7,143
98,0,144
98,1,144
98,2,144
98,3,144
98,6,150
98,7,150
98,0,151
98,1,151
98,6,157
98,7,157
98,0,158
98,1,158
98,2,158
98,3,158
98,0,165
98,1,165
99,4,30
99,5,30
99,4,37
99,5,37
99,6,37
99,7,37
99,4,44
99,5,44
99,6,44
99,7,44
99,6,51
99,7,51
99,0,52
99,1,52
99,6,58
99,7,58
99,0,59
99,1,59
99,2,59
99,3,59
99,6,65
99,7,65
99,0,66
99,1,66
99,2,66
99,3,66
99,6,72
99,7,72
99,0,73
99,1,73
99,2,73
99,3,73
99,0,80
99,1,80
99,2,80
99,3,80
99,4,80
99,5,80
99,0,87
99,1,87
99,2,87
99,3,87
99,4,87
99,5,87
99,2,94
99,3,94
99,4,94
99,5,94
99,6,94
99,7,94
99,2,101
99,3,101
99,4,101
99,5,101
99,6,101
99,7,101
99,0,102
99,1,102
99,4,108
99,5,108
99,6,108
99,7,108
99,0,109
99,1,109
99,4,115
99,5,115
99,6,115
99,7,115
99,0,116
99,1,116
99,4,122
99,5,122
99,6,122
99,7,122
99,0,123
99,1,123
99,6,129
99,7,129
99,0,130
99,1,130
99,6,136
99,7,136
99,0,137
99,1,137
99,2,137
99,3,137
99,6,143
99,7,143
99,0,144
99,1,144
99,2,144
99,3,144
99,6,150
99,7,150
99,0,151
99,1,151
99,2,151
99,3,151
99,0,158
99,1,158
99,2,158
99,3,158
99,2,165
99,3,165
